[118,119,120,121,122,123,126,127,128,129,130,133,134,135,136,137,138,140,141,142,143,144,145,146]
[54,55,56,57,59,60,61,62,64,65,66,67,81,82,83,84,85,86]
[483,484,485,486,487,488,489,490]
[0,1,2]
[]
[129,130,131,132,133,134]
[35,36,37,38,39,40,41,42,43]
[48,49,50,51,52,53]
[134,135,136,137,321,322,323,324,325,326]
[89,90,91,92]
[17,18,19,20,21,22,23,24,26,27,28,29,30]
[6,7,8,9,10]
[49,55,56,58,59,60]
[201,202,203,204,205,206,207,208,209,210]
[30,31,32,33,34,35,36,39,40,41,42,43,44,45,52,53,54,55,56,57,58]
[117,118,119,120,121,122,123,124,125]
[0,1,2,3,4,22,23,24,25,26]
[7,8,9,10,12,13,14]
[2,3,4,5]
[47,48,49]
[25,26,27,28,29,31,32,33]
[0,1,2,3,4]
[12,13,14,15,16,17,18,88,89,90]
[13,14,15,16,17,18,19,20,21,22,23,24,25,31]
[238,239,240,241,242]
[13,14,15,16,17,18,19,20,21]
[22,23,24,25]
[10,11,12,13,14,15,16,17,18]
[5,6,7,8,9,10,11,13,14,15,16,17]
[171]
[180,181,182,183]
[57,58,59,60,61,62,63,64,65,66,67,68,70,71,72,73,74,75,76,77]
[17,18,19,20,21,22,23,24,25,26]
[5,6]
[28,29,30,31,32,33,34,35]
[18,19,20,21,22,23]
[12,13,14,15,16]
[]
[32,33,34,35,36,37,38,40,41,42,43]
[6,7,8,9,10,11,12,94,95,96,97]
[10,12,13,14,15]
[216,217,218,219,220,221,222,223]
[42,43,44,45,46,49,50,51,52,53,54,58,59,60,61,62]
[0,1,2,3]
[9,10,11,14,15,16,17,18,19,20,21,23,28,29,30,31]
[121,122,123]
[41,42,43,44,45]
[43,44,45]
[23,24,25,37,38]
[301,302,303,304,647,648,649,650,651,652,653,654]
[0,1,2,3,121,122,123,124]
[7,8,9,10]
[12]
[78,79]
[44,45,46,47,48]
[26,27,28]
[0,1,2,3,4,5]
[50,51,52,53,54,60,61,62,63,64,65,66,67,68,69,70]
[221,222,223,224]
[21,22,23,24,25,26]
[92,187,188,189,190,191]
[21,22,23,24]
[66,67,68,69]
[93,94,95,96]
[0,1,2,3,4]
[28]
[30,31,32,33,35,36,37,38,39]
[75,76,77,78,79,80,81,82]
[21,22,23,24,25]
[30,31,32,33]
[22,23,24,25,26,27,28,29,30,31,32,187,188,189,190,191,192,193,194,195,196,197]
[770,773,774,775,776,777,778,779,784,785,786,787]
[55,56,57,58,59,60]
[50,51,52]
[7,8,9,10,11,12]
[247,248,249,250,280,281,282,283]
[92,93,94,95]
[32,33,34,35,36,37,38,39,67,68,69,70,71,72,73,77,78,79,80]
[14,15,16,17,18,19,102,103,104,105,106,107]
[21,22,23,24,25,26,27,28]
[19,20,21,23,24,25,26,29,30,31,32,34,35,36,37,39,40,41,42,45,46,47,48,50,51,52,53,55,56]
[52,53,54,55,56,57,58]
[0,1,2,3]
[28,29,30,31,32,33]
[105,106,107,108]
[101,102,103,104,105,106,107,108,110,111,112,113,114,134,135,136,137,138,139,140,141,142]
[81,82,84]
[0,1,2,3,4,5,6,8,9,10,11,12]
[11,12,13,14,15,23,24,25,26,27]
[28,29,30,31,32,33,34,35,36,238,239,240,241,242,243,245,246,247,248,249,250,252,253,254,255,256,257]
[8,9]
[16,17,18]
[34,35,36,37,38,39]
[104,105,106,107,108,109]
[192,193]
[14,15,16,17,18]
[336,337,338,339,340,341]
[15,45,46,55,56]
[15,16,17,18,19,103,104,105,106,107,108]
[0,1]
[0,1,2,3,4,5,13,14,15,16,17,18]
[12,13,14,15,16,17,18,19,20,21]
[0,1,2,3,4,5,242,243,244,245,246]
[89,90,91,92]
[28,29,30,31,32,33,34,35]
[0,1,2,3,4,5,6,7]
[107,108,109,110,111,112,113]
[195,196,197,198,199,200,201,202,203,204,205,209,210,211,212,213,343,344,396]
[32,33,34,35,36,37,38]
[53,54,55,56,57,58]
[2,4,5,6,7,8,9]
[11]
[0,1,2,3,4,5]
[33,34,35,36,84,85,86,87]
[0,1,2,3,20,21,22,23]
[39,40,41,42,43,44,45]
[79,80,81,82,83,84,85]
[97,98,99,100,101,102]
[69,70,71,72,73,74]
[16,17,77,78,79,80,81]
[13,14,15,16,17]
[24,25,26,27,28,29,30,32,33,34,35,36,37,38]
[37,38,39,40,41,42,370,371,372,373,374,375]
[81,82,83]
[104,105,106,107,108,109]
[23]
[19,20,21,22,23,24,25]
[18,19,20,21,24,25,26,27,28,34,35,36,37]
[7,8,9,10,11,12,13,14]
[0,1,2,3,5,6,8,9,10,11]
[21,22,23,24,25,26,27]
[0,1,2,3,5,6,7,8,9]
[15,16,17,18,19]
[108,109,110,111,112,113]
[12,13,14,15,16,17,18,19,20]
[71,72,73,74,75,76,77]
[162,163,164,473,474,475,476,477,478,479,480,481,482]
[20,21,22,23,24,25,26,27,28,361,362,363,364,365,366,367,368,369]
[111,112,113]
[73,74,75,76]
[15]
[105,106,107,108,109,110]
[48,49,50,51,52,53]
[40,41,42,43,50,51,52,226]
[21,22,23,24,27,28,29,30,31]
[20,21]
[520,521,522,523,524,525,526,528,529,530,531,532,533,534]
[142,143,144,145,146,147]
[66,67,68,69,70,71]
[12,13,28,29]
[40]
[0,1,2,3,4]
[7,8,9,10,11,12,13,14,15,16,52,53,54,55,56,57,58,59,60,61]
[0,1,2,3,4,5]
[208,209,210,211,212,213]
[27,28,29,30,31]
[70,71,72,73,74,75]
[5]
[38,39,40,41,42,43]
[10,11,12,13,14]
[41,42,43,165,166]
[42,43,121,122,123,124,125,126,127,128]
[195,196]
[22,23,24,25,26,27]
[38,39,40,41,42,43,44,45,46]
[26,27,28,29,30,31]
[20,21,22,23,24,25]
[23,24,25,26]
[22,23,24,25,26,27]
[0,1,2,3,4,6,7,8,9,10]
[7,8,9,10,11,12]
[61,62,63,64]
[24,25,26,27,28,29,270,271,272,273,274,275]
[39,40,41,42,43,48,49,50,51,52,53,61,62,63,64,65,66,67,68,69]
[40,186,187,188,189,190,191,307,308,309,310,311,312]
[16,17]
[79,80,81,82,83,84]
[6,8,9]
[39,40,41,42,43,44]
[5,6,7,8,9,10]
[63,64,65]
[24,25,26,27,28,29]
[14,15,16,17]
[30,31,32,33,34,35,36,38,39,40]
[27,28,29,30,31,32,33,34,35,36]
[8,9,10,11,12,13,203,204,205,206,207,208]
[301,302,303,304,305,306,307,309,310,311,342,343,403]
[0,1]
[15,16,18,19,20,278,279,280,281,282,283,284,285,287,288,289,290,291]
[29,30,31,32,33,34,35,36,48,49,50,51]
[14,15,84,85]
[20,21,22,23,24]
[16,17,18,19,20,21,22,80,81,82,83,84,85,86,87]
[197,198,199,200,201,202,203,204,205]
[407,408,409,410,411,412,413,414,415]
[24]
[0,1,2]
[9,10,11,12]
[98,99,100,101,102,103]
[47,48,49,50,51,52]
[49,50,51,52,53]
[18,19,20,21,22,23]
[38,105,106,156,157,158,159,160,161,162]
[180,181,182,183,184,185,186,188,189,190,192,193,194,195,196,197,198]
[100,101,102,103,104,105,106,107,108]
[0,1,2,3,5,6,7,73,74,75,76,77,79,80,81,82,83,84]
[83,84,85,86,87,88,89,90,91]
[25,26,27,28,29,30]
[15,16,17,19,20,21,22,23,24,25,183,184,185,186,327,328,329,331,332,333,334,335]
[103,492,493,494,495,496,501,502,503]
[67,68,69,70,71,72,73,74,75]
[12,13,14,15,16,17,39,40,41,42,43]
[1,2,3]
[20,21,22,23]
[126,127,128,129,130,132,133,134,135]
[41,42,43,44,45,46]
[74,75,76,77,78,79,80,81,83,84,85,86]
[87,88,89,90,91,92]
[0,1,2,3]
[10,11,12,13,14,15,16,18,19,20,21,22,23,25,26,27,28]
[331]
[130,131,132,133,134]
[14,15,57,58,59,60,61,62,63,64,65,66]
[0,1,2,3,4,5]
[6,7,8,9,10,11]
[155,156,157,158,159,160]
[211,212,213,214,566]
[25,26,27,28]
[9,10,11,12,13,14]
[121,122,123,124,125]
[21,22,23,24,25,26]
[]
[8,9,10,11,12]
[48,49,50,51,52,53,229,230,231,232]
[14,15,16,17,18,19,20,29,30,31,32,33,34,35]
[37,38,39,40,41]
[0,1,2,3,107,108,109,110]
[27,28,29,30,31,32,33,34]
[49,50,51,80,81,82,83]
[204]
[0,1,2,3,5,6]
[49,50,51,52,53,54,98,99,100,101,102]
[20,21,22,23,24,25]
[12,13,14,15,16,17,18,19,20,75,76,77,78,79,80,81,82,83]
[12,13,14,15,16,17,18,21,22,23,24,25,26,27,28,29]
[79,80,81,82,83,84]
[82,83,84,85,86,87]
[81]
[9,10,11,13,14,15,16,17,18,146,147,148,149,152,153,154,155,156,157,158,159,160,163,164,165,166,167,168,169,170,171,172]
[83,84,85,86,87,398,399,400,401,402,403,442,443,444,445]
[138,139,140,141,144,145,146,147,149,164,165,166,167,168]
[2,7,8]
[44,45,46,47,48,154,155,156,157,158,159,160,161,162]
[0,1,2,3,4,5]
[80,81,82,83,142,143,144,145,146]
[8,9,10]
[23,24,101,102,103,104,206,207,208,209,210,211,212]
[147,148,149]
[14,15,16,17,18,19,21,22]
[0,1,2,3]
[173,174,175,176]
[13,14,15,16,17,18,19,20,89,90,91,92,93,94,95,96]
[99,273,274,275,276,277,283]
[128]
[13,14,15,16]
[13,14,15,16,18,19,20,21,22,24,25,26,27,28,29,30,31,33,34,35,36,37,38,40,41,43,44,45,46,47,48]
[15,16,17,18,19]
[11,12,72,73,85]
[27,28,29,30,31]
[259,260,261,262,265,266,267,268,269,270]
[51,52,53,54,55,56]
[2,3,4,5,6,7,8,627,628,629]
[18,19,20,21,22,23,24,55,56,57,58,59,60]
[0,1,2,3,4,5,6,7,8,10,11,12,13,14,15,16,18,19,20,21,23,24,26,27,28,29]
[67,68,69,70,71,72,73,74,75,960,961,962,963,964,965]
[73,74,75,76,77,78,79,80,81]
[193,194,195,196,198,199,200]
[10,11,12,13,14]
[0,1,2,3,4,80,81,82,83,84]
[57,58,59,60,61]
[9,10,11,12,13,14,15,16,18,19,20]
[95,96,97,98,99,100]
[496,497,498,499,500,501]
[82,83,84,85,86,87,88]
[0]
[40,41,42,43,44,45,46,47,49,50,51,52,53,54,55,56]
[10,11,12,14,15,16,17,68,69,70,71,73,74,75,76]
[94,95,96,97,98]
[196,197,198,199]
[205]
[9,354,355,356,357,358,359]
[296,297,298,299,300,301]
[4,5,6,7,8,9,20,21,22,23,24,56,57,58,59,60,61,93,94,95,96,97,98,99,100,101,102,103,104]
[0,1,2,3,4,118,119,120,121,122,123]
[5,6,7,273,274,275,276,277,279,280,281,282]
[190,191,192,193,194,195]
[197,198,199,200,202,203,204,205,206]
[6,7,8,10,11,12,13,15,16,17,42,43,44,45]
[13,14,15,16,17,18]
[14,15,16,17,18,19,20]
[312,313,314,315,316,383,384]
[287,288,289,290,291,292]
[436,437,438,439]
[19,20,21,22]
[52,53,54,55,431,432,433,434,435]
[28,29,30,31,32]
[0,1,2,3,5,6,7,8,9,10,11,12,13,29,30,31,32,33,34,35]
[10,11,12,13,14,15]
[61,224,225,226,227,228,229,230]
[27,28,29,30,31,32]
[68,69,70,71,72,73,74,75,76]
[221]
[20,21]
[42,43,44,45,46,47]
[49,50,51,52,53,54,55,56,57,58]
[88,89,90,91,92,94,95,96,97]
[16,17,18,19,20,21,26,27,28,30,31,32,33,34,35,36]
[50,51,52]
[91,92,93,107,108,109,110,112,113]
[8,9,10,11,12,13]
[1,2,3,5,6,7,8,9,10]
[5]
[183,184,185,186,187,188]
[176,177,178]
[0,1,2,3,4,6,7,8]
[31,32,33,34,35,36]
[2,3,8,9,10]
[11,12,13,14,15]
[12,13,90,91,92,93,94,95,96]
[55,56,57,58,59,60,61]
[35,36,37,38]
[47,48,49,50,51]
[104,105,106,107]
[116,117,118,119,120,121,122,123,124]
[36,37,38,39,40,57,58,59,60,61,62]
[71,137,260,261,262,266,268,269,270,271,272,273]
[8,9,10,11,12,13,14,15,59,60,61,62,63,64,65,66]
[26,27,28,29]
[0,1,2,3,4,5,6]
[2,3]
[202,203,204,205,206,207]
[0,1,2,5,6,7,9,10,11,12,13,16,17,18,19,21,22,23,24]
[48,49,50,51,52]
[52,53,54,55,56,57]
[0,1,2,4,5,6,7,8,9]
[80,81,82,83,84,85]
[69,70,71,72,73,74]
[4,5,6,7,8,9,10,21,22,23,24]
[74,707,708,709,710,711]
[23,24,136,137,138,228,229,252,253,254,591,592,593,594,595,596,597,599,600,601]
[13,14,15,16,17,18,19,26,27,28,30,31,32,33]
[214,215,216,224,225,226]
[3,4,5]
[19,20,21,22,23,136,137,138,139,140,141,142,143]
[55,56,57,58]
[124,125,126,127]
[18,19,20,21,22]
[14,15,16,17,18]
[234,235,236,237,238,239,240,241]
[15,88,89,90,92,98,348,349]
[176,177,178,179,180,181,182,183]
[0,1,2,4,5,6,7,8,9,10,12,13,14]
[145,146,147,148,149,150]
[311,312,313,314,315,316,317,318,319,320]
[30,31,32,33]
[8,9,10,11,12,31,32,33,34,35]
[52,53,54,55,56,57,58]
[77,78,79,80,81,82,83,84,289,290,291]
[163,164,165,166,167,168,170,171,172,173,174,175,176,177]
[9,10,11,12,13,14,71,72,73,74,75,76,77,78]
[10,11,12,13,14,15]
[71,72,73,74,75,76,78,79,80,81,82]
[131,132,133,134,135,136,137,138,139]
[30,31,32,33,34]
[76,77,78,79,80]
[13,14,15,16,17,18]
[4,5,6,7,8,9,10,11,12,13,49,50,51,52,53]
[20,21,22]
[119,121,122,123,124,125,127,128,129,130,131,132]
[4,5,6,7,8,9,10,11,140,141,142,143,144,145]
[155,156,157,158,159]
[127,128,129,130,131]
[66,67,68,69,70]
[40,41,42,43]
[68,69,70,71,72,73]
[69,70,71,72,73]
[0,1,2,3,4,5]
[94,95,96,97,98,99]
[16,17,18,19,20]
[37,38,39,40,41,42,43,44,45]
[10,11,12,13,15,16,19,20,21,22,23,24]
[35,36,303,304,305,306,307,308]
[86,87,88,89,90,91]
[25,26,27,28,29,30,31,32,33,306,307,308,309,319,401,402,403,404,405,406,407]
[46,47,48,49,50,51,52]
[20,21,22,23,25,26,27,29,30,32,33,34,36,37,38,39,40]
[6,7,8,9,10,11,29,30,31,32,33,34]
[27,31]
[49,50]
[82,83,84,150,151,152,153,154,155,164,165,166,902,903,904,905,906,907]
[261,262,263,264,265,266]
[33,34,35,36,37,38]
[44,45,46,47,49,50,51,52]
[118,119,120,121,122,123]
[27]
[57,58,59,60,61,62]
[81,82,83,84,188,189,190,191,193,194,195,196]
[20,21,22,23,24,26,27,28,29,30,31,32,34,35,36,37,38]
[14,15,16,17,18,19,20,21,23,24,25,26,27,29,30,31,32,33]
[65,66,67,68,69,80,81,82,83,84,85]
[55,56,57,58,59,60,61,62]
[195]
[14,15,16,17,18,19,20,21,22,23,24,25,27,28,29,30,31]
[55,56,57,58,59,60,107,108,109,110,111,112]
[37,38,39,40,41,42,43,44,45]
[1,2,3,4,5,6,64,65,66,67]
[82,83,84,85,86,87,88,89,90,495,496,497,498,499,500]
[18,19,20,21]
[]
[74,75,76,77,78,79,80,81,82]
[8,9,10,11,12,13]
[38,39,40,41,42,43,44,45]
[24,25,26,27,28,29,30]
[7,8,9,10,11,12,13]
[64,65,66,67,68,69,70,127,128,129,130,131,132,133,134]
[0,1,2,3,4,5,6]
[33]
[17,18,19,20,33,34,35,36]
[64,65,66,67,68,69]
[157,158,159,160,161,163,164,165,166]
[49,50,51,52]
[7,8,9,10,11,152,153,154,155,156]
[15,16,17,18,19,20]
[131,132,133,134,135]
[23,24,25,26,27,28,29,30,31,32]
[7,8,9,10,11,12]
[34,35,36,38,39,40]
[8,9,10,11,12,13]
[5]
[16,311,312,313,314,315,316,496,497,498,499]
[150,151,152,153,154,155,156,157]
[27,28,29,30,31]
[78,79,80,81,82,83,126,127,128,129,130,131,132,133,134,135]
[451,452,453,454,455,519,520,521,522,523,565,566,567,568,569,599,600,601,602,603]
[4,5,6,7,8,9,10]
[0,1,2,3,4]
[14,15,16]
[117,118,119,120,121,122]
[149,150,151,152,153]
[41,42,43]
[8,9]
[254,255,256,257,258,259,342,343,344,345,346,347,348,349,350,351,352,353]
[72,73,74,75,76,77]
[69,70,71,72,73,242,243,244,245,246,247,248,249,250]
[59,60,61,62,63]
[134,135,136,137,138,139]
[74,75,76,77,78,79,95,96,97,98,99,100]
[18,19,29,30,31,47,48,49,50,51,52]
[261,262,263,264,265,266,267,268]
[68,69,70,71,72]
[34,35,36,37,39,40,41,93,94,95,96]
[16,17,173,174,175,176,177,178,179,180]
[131,132,133,134,135,136,137,138]
[12,13,14,15,16,17,18,19,20,21,23,24,25]
[23,24,25,26,27,28]
[0,1,2,3,4,5,6,8,9,10,11]
[49,50,51,52,53]
[37,38,39,41,42,43,44,45,47,48,49,50,51]
[]
[30,31,32,33,34,35,45,46,108,109,110,111,112,113]
[37,38,39,40,41,42,43,44,45]
[29,30,31,32,33,34,35,36]
[31,32,33,34,35]
[323,324,325,326,327,328,329,330,331,332,364,365,366,367,368]
[64,65,66,67,68,69,72,73,74,75,76,77]
[8,8,75,76,77,78,79,80]
[12,13,14,15,16,18,19,20,22,23,24,25,26,27,28]
[58,59,60,61,62,63,64,65]
[93,94,95,96,97,98,104,105,106,107,108,150,151,152,153,154,155,157,158,159,160,161,162,163]
[0,1,2,3,5,6,7,8]
[23,24,25,26,27]
[86,87,88,89,90,91,94,95,96,97,98,99,100,101,102,103,106,107,108,109,110,111,112,113,114]
[9,10,11,12,13,14,15,16,17,18,112,113,114,115,116,117]
[7]
[189,190,191,192,193]
[14,15,16,17,18,19,20,21]
[32,33,34,35,36,37]
[72,73,74,75,150,151,152,153]
[55,56,57,81,82,83,84,85,86,94,95,96,97,98,99,100]
[84,85,86,87]
[162,163,164,165,166,167]
[]
[14,15,16,18,20,21,22]
[114,115,116,117,118,119]
[19,20,21,22,23,24]
[12,13,14,15,16,17,18,19,20,21,22,23]
[4,5,6,7,8,137,138,139,140]
[18,19,20,40,45]
[244,245,246,247,248,249,250,251]
[0,1,2,3,4,5]
[35,36,37,38,39]
[5,6,7,8,9,11,12,13,21,22,23,24,25,26,27,29,30]
[43,44,45,136,137,367,368,369,370,371,372,373,374,375]
[12,13,14,15,130,131,132,133,134,135]
[27,28,37,38,39]
[58,59,60,61,62]
[30,31,32,33]
[207]
[25,26,27,28,29]
[112,113,114,115,116,117,118,120,121,122,123]
[163,164,165,166,167,168]
[36,37,38,39,40,41,42,307,308,309,310,311]
[182,183,184]
[30,31,32,33,34,35,36,37,38,39,40]
[6,7,8,9,15,16,17,18,20,21,22]
[258,259,260,261,262,263,457,458,459]
[90,91,92,93,94,95]
[14,15,16,17,19,20,21]
[42,43,44,45,46,47,48,49,50,118,119,120,121,122,123,124]
[45,46,47,48,49,50,51,52,82,83,84,85,86,87,88,89,90]
[22,23,24,25,26,103,104,105,106,107,108,122,123,124,125,126,127,128]
[15,16,17]
[6,7,8,9,10,11]
[13,14,15,16,17,18,63,64,65,66]
[60,61,62,64,65,66,71,72,73,75,76,99,100,101,102,103,104,106,107,108]
[102,103,104,105,106,107,108]
[8,9,10,11,12,13,14,15,16,17,18,19]
[54,55,56,57]
[35,36,38,39,40,41,42,44,45,46,47,48]
[39,40,41,42,43,44,45,51,52,53,54,55,56,57,58]
[6,7,8,9,10,11,12,13,109,110,111,112,113]
[10,11,12,13]
[26,27,28,29,30,31]
[16,17,18,19,20,21]
[18,19,20,21,22]
[14,15,16,17,18,19,20,21,22,23,24]
[39,40,41,42,43,44]
[15,16,17,18,19,20,21,22,23,24,98,99,100]
[58,59]
[5,6,8,9]
[354,355,356,357,359,360,361,362,363]
[104,105,106,108]
[8,390,391,392,393,394,395]
[25,26,27,28,29,30]
[52,53,54,55,56,57,58]
[8,9,10,11,12,13,240,241,242,243,244]
[16,17,18]
[222,223,224,225,226]
[261,262,263,393,394,395,396,397,398,491]
[120,121,122,123]
[28,29,30,31,32,33]
[135,136,137,138,139,140]
[5,6,7,86,87,88,89,90,91]
[0,1,2,3,5,6,7,8,9,10,11,12,14,15,16,17,18,19,20]
[67,68,69,70]
[18,19,20,21,22,31,32,33,34,35,36,37,38,39]
[976,977,978,979,980,981,982,983,990,991,992]
[13,14,15,16,17,26,27]
[4,5,6,7]
[15,631,632,633,634]
[7,8,9,10,11,12]
[93]
[95,96,97,98,99,100]
[14,15,16,17,18]
[]
[5,6,7,213]
[12,13,14,15]
[7,8,9]
[0,1,2,3,5,6,7,7,10,11,12,13,14]
[111,112,113,114,115,116,117,118,119,120]
[3,4,5,7]
[22,23,24,25,26,27]
[11,12,13,14,15]
[108,109,110,111,112,113,114,116,117,118]
[]
[0,1,2,20,21,22,23,25,26,27,28,29,30,95,96,97,98,99,100]
[13,14,15,16]
[14,15,16,17,19,20]
[118,119,120,121,122,123]
[35,36,37,38,39,40,41,42]
[7,8,9,10,11,12,13,14,15]
[42,43,44,45,46]
[138,139,140,141,142,143,144,145,146,147,148,149,151,152,153,154]
[110,111,112,113]
[0,1,2,3,4,5,6,33,34,35]
[39,40,41,42]
[6,7,8,9,10,11,12,13,40,41,42,43]
[175,176,177,178]
[44]
[85,86,87,88,89,90,91,92,93]
[20,21,22,23,24,25]
[25]
[173,174,175]
[36,37]
[4,5,6,7,8,9,16,17,18,19]
[102,103,104,105,106,107,108,109,110]
[32,33,34,35]
[40,41,42,43,45,46]
[186,365,366,367,368,381,382,383,384]
[116,117,118,119,120,121]
[25,26,64,65,66,67,68,69,70,71,72]
[19,20,21,23,37,38,299,300,301,302,304,305,306,307]
[13,14,15,16,17,18,19]
[22,23,24,25,26]
[]
[18,19,20,21,22]
[55,56,57,58,59,60]
[20,21,22,23,24,25,26,27,28]
[13,14,15,16,17,18]
[0,1,2,3,4,5,7,8,9,10,11]
[35,36,37,38,39,40]
[10,11]
[53,54,55,56]
[37,38,39,40,41,42,43,44]
[20,21,22]
[18,19,20,21,22]
[362,363,364,365,366,367,375,376,377,378,379,380]
[18,19,20,21,22]
[5,6]
[45,46,47,48,49,50]
[116,117,118,119,120,183,184,185,186,187]
[7,8,9,10,11,12,17,18,19,20,21,101,102,103,104,105]
[64,65,66,67]
[701,702,703,704,705]
[9,10,11,12,13,14]
[51,52,53,54,55,56]
[132,133,134]
[24,25,26,27,28,29,45,46,47,48,49,50,53,54,55,56,57,58]
[4,5,6,7]
[150]
[12,13,14,15,18,19,20,21,22]
[65,66,67,68,69]
[7,8,9]
[13,14,15,16,17]
[27,28,29,30,31,32,33,34,35]
[104,105,106,107,108]
[18,19,20,21,43,44,45,46,96,97,98,99,100,101,102,103]
[72,77,78,79,80,90,91,92,93]
[16,17,18,19,20,21]
[3,4,5,6,7,8,9,52,53,54,55,56,57]
[76,77,78,79,80,81]
[0,1,2,3,4,5,7,7]
[28,29,30,31,32,33,92,93,93,96,97,98,99,100]
[105,106,107,108,109,110]
[24,25,26]
[30,31,32,33,35,36,37,38]
[44,45,46,47,48]
[67,68,69,70,71,72,73,79,80,81,82,83,84]
[107,108,109,110,111,112,113,114]
[554,555,556,557,558,567,568,570,571,572,573]
[15,16,17,18]
[39,40,41,42,43,44,45,75,76,77,78]
[16,17,18,19,20,21]
[0,1,2,3,4,5,7,8,9]
[373,374,375,376,377,378]
[7,8,9,10,11,12,13,14,15]
[13,14,15,16,17,60,61,62,63,64]
[19,20]
[10,11,12,13,14,16,17,19,20,21,22,23,24,25]
[37,38,39,40,41]
[97,98,99,100]
[0,1,2,9,10,11,13,14,15,16,17]
[35,36,37,38,39,40,41,42,43,44]
[12,13,14,15,26,27,28,29,30,31,32,33,35,36,37]
[12,13,14,15,16,17,19,20,21,22,23,77,78,79,80,81]
[249,250,251,252]
[23,24,25,26,27,28,29,30,31,32,34,35,36,37]
[14,15,16,17,18,19,21,22,23,24,26,27,35,36]
[56,57,58,59,60,61,62,64,65,66,67,68,69,81,82,83,84,85,86,87,89,90,91,92,93,94]
[131,132,133,134,135]
[18,19,20,21,22,23,24,25,26]
[134,135,136,137,191,192,193,194]
[4,13,14,15,16,17,19,20,21,22,23]
[140,141,142,143,144,145]
[29,30,31,33,34,35,36,37,38]
[322,323,324,326,327,328,329]
[328,329,330,331,332,333,405,405]
[13,14,15,16,17]
[15,16,17,18]
[0,1,2,3,24,25]
[51,52,53,54]
[93,94,95,97,106]
[60,61,62,63,64]
[20,21,22,23]
[71,72,73,74,75,76,78,79,80,81,82]
[]
[42,43,44,45,46,47]
[24,25,26,27,28,182,183,184,185,186]
[58,59,60,61]
[34,35,36,37,38,39]
[20,21,22,23,24,25,26,28,29,30,31,32,33]
[0,1,2,3,51,54,55]
[21,22,23,24,25,26,28,29,30,31,33,34,35,36,37,39,40,41,42,43]
[63,64,65,172,173,174,175]
[23,24,25,26,27,28,29]
[65,66,67,68,69,264,265,266,267,268,269,270,271]
[]
[189,190,191,231,232,233,234,235]
[0,2,3,4,6,7,8,9,11,12,13,15,16,17,48,49,50,51,52]
[45,46,47,48,49,54,55,56,57,59,60,61,67,68,69,70,71]
[108]
[99,100,101,121,122,123,124,125,126,127]
[25,26,27,28,29,31,32,34,35,36,37]
[371,372,373,374,375,376,377,378,379,380]
[63,64,65,66,67,68,69,70,76,77,78,79,80,81,82,83,84,85,86]
[144,145,146,147,148,149]
[]
[23,24,25,26,27,40,41,42,43,44,46,47,48,49,50,56,57,58,59,113,114,115,116,117]
[141,142,143,144,145,146,147]
[19,20,21,22,23,24]
[58,59,60,61,62,63]
[211,212,213,214,215]
[260,261,262,263,264,265,266]
[198,199,200,201,202,203,204,205,206]
[3]
[145,146,147,148,149,150]
[0,1,2,3,4,5]
[7,8,9,10]
[202,203,204,205,206,207,208,209,210]
[141,142,143,144,145,146]
[110,111,112,113,114,115,116,117,118,119,172,173,174,175]
[72,73,74,75,76,77,78]
[241,242,243,244]
[26,27,28,29,30,31]
[14,15,16,17,18,19,20,21,22]
[96,97,98,99,100,101]
[67,68]
[81,82,83,84,85,86]
[14,145,146,147,148]
[92,93,94,95,96]
[4,5,6,7,8,9,10,11,12]
[18,19,20,21,22,23,24,25,26,43,44,45,46,47,48,49,50,51,53,54,55,56,57,58,59,60,61,62]
[15,16,17,18,19,20,225,226,227,228]
[9,10,11]
[33,34,35,36,37,38,39,40,41,42]
[11,12,13,14,15]
[130,131,132,133,134,136,137,138]
[34,35,36,46,102,103,104,105,106]
[0,1,2,3,4,5]
[61,62,63,64,65,70,71,72,73]
[17]
[36,37,38,39]
[31,32,33]
[17,78,79,80,612]
[46,47,111,112,113,114,115]
[243,244,245,246,247]
[10,11,12]
[27,28,29,30,31]
[30,31,32,33,34,35,37,38,39]
[9,10,11,12,13]
[4,10,11,12]
[29,30,31,32,33,34,35,36,37,38]
[23,24,25,26,27,28]
[405,406,407,408,409,410]
[48,49,50,51,52,53]
[16,17,18,19,20]
[0,1,2,3]
[61,62,63,64,65]
[22,23,24,25,26]
[75,76,77,78,86,87,88,89,90]
[11,12,13]
[37,38,39,40,41,42]
[31,32,33,34,35,36,37]
[56,57,58,59]
[178,179,180,181]
[5,6,36,37,38,39,40,41,42]
[16,17,18,19]
[13,14,15,16,17,18]
[253,254,255,256,258,259,260]
[34,35,36,37,38,39,40]
[26,27,28,29,30]
[17,19,20,21,22,23,24,25,26]
[30,31,32,33,34,35,36,37,38,51,52,53,54,55,56]
[17,18,19,20,22,23,24,25,26,27,28,29]
[0,1,2,3,4,5,6,116,117,118,119,120,121,122,123,125,126,127,128,129]
[96,97,98,99,100,101]
[0,1,2,3,5,6,7,8,9,10,11,13]
[310,311,312,313,314,315,316,317]
[4,5,6,7,8,9,10,11]
[72,73,74,75,76]
[10,11,12,13,14,15,37,38,39,40,41,42,43,44]
[0,1,2,3,4,5,7,8,9,10,11]
[19,20,21,22,23]
[45,46,47,48,49,50,51]
[11,12,13,14,15,16]
[23,24,25]
[154,155,156,157,159,160,161,162]
[33,34,35,36,37,38,39,40,41]
[171,172,173,174,175,176,218,219,220,221,222,223,224,225,225,226]
[133,134,135,136,137]
[19,20,21,22,63,64,65,66,67,68,69,70,71]
[646]
[8,9,10,11,12,13,14,15,16,17,20,21,22,23,24,25,26]
[77,78,79,80,81,82,83,84]
[44]
[54,55,56,57,58,59,69,70,71,270,271,272,273,412]
[170,171,172,173,174,175]
[25,26,27,28,29,30,31,32,33,34,35,36,37,41,42,43,44]
[50,51,52,53,54,55,56,57,58,180,181,182,183,184,185,186,187]
[82,83,84,234,235,236,237,238,334,335]
[0,1,2,3,4,5,6,7,8,9,11,12,13]
[53,54,55,56,57,58,69,71]
[6,7,8]
[]
[30,31]
[172,173,174,175,176,177,178,179,180]
[16,17,18,19,20,21]
[4,5,6,7,9,10]
[514,515,516,517,520,521,522,523,524,526,527,528,529]
[35,36,37,125,126,127,203,204,205,206]
[27,28,29,30,31,32,33,34]
[18,19,20,21,22,23]
[129,130,131,132,133,134,135,228,229,230,231,232,233,235,236,237,266,267,268,269,270,271]
[225]
[20,21,22,23,24]
[160,161,162,163,164,165,166,167,168]
[29,30,31,32,33]
[0,1,2,3,5,6,7,8,9,10]
[32,33,34,35,36,76,77,78,79,80,104,105,106,107,108]
[144,145,210,211,782,783,784,951,957]
[16,17,18,19,20,21]
[63,64,65,66,67,68,69,70,71,170,171,172,173,174,175,176,177,179,180,181,182,183]
[81,82,83,84,85,86,88,89,90,91,92,93,94,95,96,97]
[173,174,175,176,177]
[140]
[61]
[30,31,32,33]
[66,67,68,69,70,71,72]
[8,9,10,11,12]
[169,170,171,172]
[10,11,12,13,14]
[14,15,16,17,18,19]
[51,52,53,147,148,149]
[]
[5,13,14,15]
[6,7,8,9]
[115,116,117,118,119]
[8,9,10,11,12,13,14]
[11,12,13,14,15,17,18,19,20,21,22,23,252,253,254,255,256,257,258]
[10,11,12,14,15,17,18,19,20,21,22,23,24,457,458]
[66,67]
[8,9,10,11,12,13,14,16,17,18]
[0,1,2,194,195,196,198,199,200,201]
[21,22,23,24,25,26]
[282,283,284,285,286]
[40,41,42,43,44,45,46,47,48]
[]
[149]
[14]
[12,13,14,15,16,17]
[28,29,30,31,32]
[37,38,39,40,41,42]
[4,5,6,8,9,10,11,12]
[70,71,72,73,74,75,76,77]
[80,81,82,83,84,85]
[13,14,60,61,62,63,64,65]
[12,13,54,55,56,138,139,140]
[5,6,7,8,9,10,124,125,126,127,128,129]
[37,38,39,40,41,42]
[10,40,41,42,52,122,123,124,125,126,127,128,129,130,131,132,133,135,136,137,138]
[145,146,147,148,149,150]
[0,1,2,3,5,6,7,8,225,226,227,290,291,292,399,400,401,402,403,404]
[21,22,23,24,25,26,27,28,29]
[5,6,7,8,9,10,11,162,163,164,337,338,339,340,341]
[100,101,102,103,104,105]
[]
[15,16,17,19,20,21,22,87,88,89,90]
[44,45,46]
[694,695,696,697,698,699,984,985,986,987,988,989,990,991,992]
[22,23,24,25,26,27]
[54,55,56,57,58]
[18]
[58,59,60,61,68,69]
[119,120,121,122,123,124,125,127,128,129,131,132,133,134,135,136,137,138,139,145,146,147,148]
[19,20,21,22,69,70,71,72,73,74,75]
[177,178,179,180,181,182,190,191,192,193,194,195]
[133,134,229]
[]
[0,1,2,3,5,6,7,8,9,10,11]
[44,45,46,47,48,49,50,51,52,53,54,55]
[94,95,96,97,98,99,102]
[]
[116,117,118,119,120,122,123,124,125,128,140,141,143,144,145,146]
[38,38,48]
[8,9,10,11,12]
[99,100,101,102]
[0,1,2,3,4,5,6,7,8,11,12,13,14,15,16,17,20,21,22,23,26,27,28,29,30,31]
[145,146,147,148,186,187,189,190,191]
[14,15,16,17,18,19]
[237,238,239,240,241,242]
[75,76,77,78,79,80,81,82,83,84,85,86,92,93,94,95,96,97,98,99]
[0,1,2,3,4,5,114,115,116]
[144,145,146,148,149,150]
[0,1,2,3,4,5,13,14,15,16,17,18]
[10,11,12,14,15,16,17]
[18,19,20]
[14,15,16,17,18,19]
[55,56,57,58,59,60,61,62,63]
[0,1,2,3,4,5]
[85,86,87,88,90,91,92,93,94,95,96,97]
[77,78,79,80,81,82]
[141,142,143,144,145,146]
[7,8,9,10]
[45,46,47,48,49,50,51,52,53]
[0,1,2,3]
[0,1,2,3,4,5,7,8,9,10]
[176,177,178,179,180,181]
[135,136,137,138,139,141,142,143,145,146,148,149,150,151,152,153]
[2,3,4,5,25,26,27,28,29,30,31]
[0,1,2,3,5,6,7,8,10,11,12,13,14,16,17,19,20,21,23,24,25,205,206,207]
[6,7,9,10,31,32,33,34]
[300]
[0,1,2,3,5,6,7,8,9,10,11,13,14]
[10,11,12,13]
[8,9,10,11,12]
[91,92,94,95,96]
[22,23,24,25,26]
[132,133,134,135]
[0,1,2,3,4,5,10,11,12,13,14,15]
[7,8,9,10,12,13,14,16,17,19,20,21,22]
[13,14,15,16,17,18,19,20,21,22]
[24,25]
[41,42,43,44,45,46]
[73,74,75,76,77]
[50,51,52,53]
[59,60,61,62,63,64,66,67,68]
[101,102,103,104,105,106,312,313,314,315,316,317]
[44,45,46,47,48,49,66,67,68,69,70,71]
[0,1,2,3,5,6,7,9,10,11,12]
[20,21,22,23,24,25,63,64,65,66,67,68,69,70,71]
[21,22,23,62,63,64,65,66,67,68,69,70,866,867,868,869,870,871,872,874,875,876,877,878,879]
[26,27,28,30,31,32]
[40,41,42,43,44,45]
[12,13,14,15,16,17,18,21,22,23,24,25,26,27,28,29,30,31]
[25,26,27,28,29,31,32,33,34,54,55,56,57,58,60,61,62,63,64]
[46,47,48,49,50,51,52]
[14,15,16,17,18]
[9,10,11,12,13,14,15,16,17,18]
[305,306,307,308,309,310]
[8,9,10,11,12,13,17,18,19,20,21,22]
[0,1,2,3,4,5,13,14,15,16,17,18,32,33,34,35,36,37]
[]
[14,15,16,17,18,19]
[22,23,24,25,26,27,28]
[25,26,27,28,29,30,31]
[18,19,20,21,22]
[12,13,14,15,16,17,18,19,21,22,24,25,26,27,28,29,30]
[8,9,10,11]
[0,1,2,3,4,5,6]
[42,43,44,45,46]
[25,26,27,28,29,31,32,33,34,35,36,37]
[40,41,42,43,44]
[18,19,20,21,23,24,25,26,27]
[204,205,206,207]
[61,62,63,64,65,66]
[62,63,64,65]
[26,27,28,29,30,31,33,34,35,36,37,38,39,40,50,51,52,53,54,55,56,57]
[9,10,11,12,14,15,16,17,34,35,36,37,38,39,40]
[78,79,142,143,144]
[6,7,8,9,11,12,14,15]
[17,18,19,20,21,22,23]
[24,25]
[68,69,70,71,72,73,74,75,81,82,83,84]
[99,100,101,102,103,104]
[31,32,33,70,71,72]
[122,123,124,125,126,127,208,209,210,211,212,213]
[4,5]
[162,163,164,165,166,167,168]
[80,81,82,84,97,98]
[10,11,12,13,14,15,16]
[109,110,111,112,113,114]
[78,79,80,81]
[36,37,38,39,40,41,42,43,44]
[34,35,36,37,38,39]
[14,15]
[0,1,2,3]
[223,224,225]
[0,1,2,3,4,5]
[62,63,64,65,66,67]
[68,69,70,71,72,73]
[475,476,477,478,479]
[0,1,2,3]
[167,168]
[10,11,12]
[116,117,118,119]
[217,218,219,220,221,222,223]
[75,76,77,78,79,80,81,82,83,84]
[]
[19,20,21,22,23,24,25,26]
[63,64,65,66,67,68,195,196,197,198,199,200,201,202,203]
[4,5,6,7,8]
[36,37,38,39,40,41,42]
[80,81,82,83,84]
[57,58,59,60,62,63,65,66]
[11,12,13,14,16,17,18,20,21,22,23,24,25,26]
[108,109,110,111,112,113,115,116,117,118,119,120,121]
[8,9,10,11,12]
[139,140,141,142,278,279,280,281,282,283]
[14,15,16,17,18,19,20]
[7,8,9,10,11,12,13,14]
[135,136,137,138,339,340,341,342,343,344]
[5,6,7,8]
[170,171,172,173]
[166,167,168,169,170,171,172,173,174,175,220]
[129,130,131,132,133,134,135,136,137,139,140,141,142,143,144]
[5,6,7,8,9,10,61,62,63,64,65,66,67,68,69,70]
[938,939,940,941]
[69,70,71]
[91,92,93,94,95,96]
[32,33,34,35,36]
[56]
[22,23,24,25,26,27,28,29,30]
[13,14,15,16]
[0,1,2,3,4,5]
[41,42,43,44,45,46]
[]
[156,157,158,159,160]
[127,128,129,130,131,132]
[32,33,34,35,37,38,39,40,41,43,44,46,47,48,49,50]
[3,4,5,6,7]
[106,107,108,109,110,111,112,113,114]
[12,13,14,15,16,17,71,72,73,74,75,76]
[20,21]
[166,167,168,169,170,171]
[6,7,8,9,10,73,74,75,76,78,79]
[387,388,389,390,391]
[4,5,6,7,8,9,10,16,17,18,19,20,21,22,23]
[0,1,2,3,4,5]
[232,233,234,235,236,237,238,239,240]
[200,201,202,203,204]
[19,20,21,22]
[4,5,6]
[189,190,191,192,193,194]
[428,429,430,431,432,433]
[11,12,13,14,15,17,18,19,23,24,25,26,27]
[98,99,100,101,102]
[0,1,2,3,4,5,6,7]
[10,11,12,13,14,15,16]
[232,233,234,235,236,237,238,239,241,242,243,244]
[12,13,14,15,16]
[25,26,27,28]
[30,31,32,33,35,36,37,38,39,40,41]
[]
[38,39,40,41,42,43]
[68]
[120,121]
[230,231,232,233,234,235,236]
[13,14,15,16,18,19,20,36,37,38,39]
[32,33,34,35,37,38,39,40,42,43,44]
[54,55,56,57,194,195,196,197,198,199,292,293,294,295,296,395,396,397,398,399]
[72,73,74,75,76]
[38,39,40,41]
[2,126,127]
[16,17,18,19,20]
[31,32,33,34,35,36,37,50,51,52,53,54]
[88]
[23,24,25,26,27]
[67,68,69,70,71,72,73,74,75,76,77]
[0,1,2,3,4,5,6,8,9,10,11]
[0,1,2]
[23,24,25,26,27]
[98]
[288,289,290,291,293,294,295,296,297,367,368,369,370,373,374,375,376,379,380,381,382]
[12,13,14,15,16,17,19,20,21,22,23]
[43,44,45,47,48,49]
[85,86,87,88,89,90]
[115,116,117,118,119,125,126,127,128,129,130]
[185,186,187,188,189,190,191,192]
[375,376,388]
[253,254,255,256,257,258]
[112,113,114,115,116,117,118,119,120,150,151,152]
[217,218,219,220,221,222]
[32,33,34,35,41,42,43,44,45,46,47,48,49,50,51]
[248,249,250,251,252,253]
[81,82,83,84,85,86]
[4]
[193,194,195,196,197,198]
[24,25,26,27,28,29,31,32,33,39,87,88,89,90,91,92,93]
[31,32,33,34,35,36,37,38]
[108,109,119,120,121,122,124,125,126,127]
[50,51,52,53,54,55,56,62,63,64,65,66,67,68,70,71,72,73,74,75]
[]
[24,25,26,27,28,29,30,31,78,79,80,81,82]
[18,19,20,21,22,23]
[196,197,198,199,200]
[52,53,54,55]
[0,1,2,3,5,6,7]
[25,26,27]
[51,52,53,54,55,56]
[157,158,159,160,161,162,163,164,165,166,167,169,171,172,173,174,175,176,177]
[94,95,96,97,98,99,100,101,102]
[0,1,2,138,139,140,141,142]
[15,16,17,18,20,21,22,23,25,26,27,28,29,30,31]
[39,40,41,42,43,44,45,46,47]
[45,46,47,48,49,50]
[4,5,6,7,8]
[0,1,2]
[25]
[133,134,135,136,137,138]
[10,11,12,13,14,15]
[184,185,186,187,188,189,228,229,230,231]
[35,36,37]
[22,23,24,25,26,27]
[3,4,5,6,7,8]
[39,40,41,42,43,44]
[61,62,63,64,65,66,67,68,74,75,76,77,78,79,155,156,157,158,159,160]
[73,74,75,76,77,78,81,82,83,84,85,86,106,107,108,109,110,111,158,159,160,161,162,163,164,165,166,330,331,332,333,334,335]
[51,52,53,54,55]
[15,16,17,18,19,20]
[206,207,208,209,210,211]
[170,171,172,173,174,175,176,177]
[186,187,188,189,190]
[123,124]
[118,119,120]
[20,21,22,23,24]
[30,31,32,33,52,53,54,55,56,57,58,59,61,62,63,64,65]
[359,360,361,362,363,364,365,366,367,368,369,380,381,382,383,384]
[8,9,10,11,12,31,32,43,44,58,59,60,61,102,168,169,170,171,172,173,174]
[340,341,342,343,344,345,346,460,461,462,463,464,466,467,468,469,470,471,472,473]
[8,9,10,11,12,13,14]
[143,144,145,147,148,149,150]
[177,178,179,180,181,182,183,184,185,186]
[39,40,41]
[44,45,46,47]
[14,15,16,17,18,19]
[4,5,6,7,8,9]
[140,141,142,143,144,145,146,147]
[27,64,65,69,70,187,188,189,190]
[21,22,23,24,25,26]
[7,8,9,10,11,12,13,14,15,16]
[15,16,17,18,19,20,21,22,23]
[17,18,19,20,21,22,24,25,26,97,98,99,100,101]
[28,162,163,164,165,166,167]
[48,49]
[182,183,184,185,186,187]
[21,22,23,24,25,26,27,28,29,30,117,118,119,120,121,122,123]
[20,21,22,23,24]
[131,132,133,134,136,137,138,139,140]
[32,33,34,35,36,37,38,39,40]
[32,33,34,35,36,37,38,39,40]
[52,53]
[59,60,61,62,63,64,65]
[25,26,27,28,29,30]
[235,236,237,238,239,240,241]
[0,1,2,3,4,5,6,7,53,54,55,56,57,58,59,60]
[0,1,2,3,5,6,7,8,10,11,12,14,15,16,17,18]
[110,111,112,113,114,115,116,117,118]
[137,138,139,140,141]
[9,10,11]
[8,9,10,11,80,81,82,83,84,85,86]
[19,20,21,22]
[15,16,17,18]
[16,22,23,24,25,26,27,36,37,38,39,40,41,42,43]
[31,32,33,34,35]
[16,17,18,19,20,21,22,23,24,25]
[18,19,20,21]
[24,25,26,27,28,29]
[22,47,48,49]
[0,1,2,3]
[16,17,18,19,20,21,22,23,25,26,27,28,29,31,32,33,34,35]
[8,9,10,11,12]
[18,19,20,64,65,66,67]
[13,14,15,16,18,19,20,22,23,24,25,26,27,28]
[19]
[18,19]
[75,76,77,79,80]
[16,17,18,19,20]
[2]
[0,1,2,3,4,5,6,7,56,57,58,59,60]
[0,1,2,3,4,5,6]
[19,20,21,22]
[154,155,156,157,158,159,161,162,163,164]
[79,80,81,82,83,84,85]
[0,1,2,3,4,5,6,7,8,9]
[24,121,122,123,124]
[26,27,28,29]
[37,38,39,40,41]
[6,7,8,9,10,67,68,69,70,71,72,73,74,75]
[26,27,28,29,30,31,32,34,35,36,37,38]
[9,182,183,184,185,186,188,189,190,191,192,193,194,195,196]
[94,95,96,97,98,99,100]
[33,226,227,228,229,230,231]
[45,46,47,48,273,274,275,276,277,278,279,543,544,545]
[12,13,14,15,16,17,82,83,84,85]
[78,79,80,81,82,83,110,111,112,113,115,116,117]
[109,110,111,112,113,114,115,116,117]
[14,15,16,263,479,480,481]
[50,51,52,53,54,55]
[129,130,131,132,133]
[15,16,17,18,19,20]
[146,147,148,149,150,151,152,153]
[85,86,87,88,89,90]
[3,4,5]
[187,188,189,190]
[36,37,38,39,187,188,189,190,191]
[48,49,50,51,52,53,54,56,57,58,59,60,62,63,64,65]
[71,72,73,74,75,76,77,78,80,81,82,83,84]
[113,114,115,116,117,118]
[63,64,65,66]
[188,189,190,191,192,193,195,196,197,198,199,200,201,203,204,205,206,207,208,209,210]
[39,40,41,42,43,44]
[11,12,13,14,27,28,29,30,31,32,33]
[79,80,81,82]
[20,21,22,23,24,25,26,27,28,30,31,32,33,34,178,179,180,181,182,183]
[31,32,33,34,35]
[121,122,123,124]
[25,26,27,28,29,30,31,32,33,142,143,144,145,146,147,148,149,150,151]
[82,83,84,85,86,87,88,89]
[36,37,38,39,40,41,43,44,45,46]
[7,8,9,10,11]
[94,95,96,97,287,288,289,290,291,292]
[230,231,232]
[56]
[116,117,118]
[0,1,2,3,4,5]
[85,86,87,88,89]
[48,49,50,51,52,53,54,160,161,162,163]
[12,13]
[19,20,21,22,23,37,38,39,40,41,42,43,44,45,46,47]
[]
[152,153,154,155,156,157]
[48,49,50,51]
[81,82,83,84,85,86,87,88,89]
[35,36,37,38,39,40,41,42,91,92]
[35,36,37,38,39,40,41,43,44,45]
[33,382,383,384,385]
[19,20,21,22,23,24]
[40,41,42,43,44,45]
[165,166]
[3,4,5,6,7,8]
[23,24,25,26,43,44,45,46,47,48]
[8,177,178,179,180,181]
[213,214,215,216,217,218]
[16,17,18,19,20,21,22,23]
[4,5,6,7,18,19,20,21,22,23,24,25,26,28,29,30,31,32,33,34]
[9,10,11,12,13,14]
[31,32,33,34,35,36,37,39,40,41,42,43,44,46,47,48,50,51,52,53,54]
[76,77,78,79,80,81,82,83,84,85,91,92,93,94,95,96,97]
[112,113,114,115,116,117]
[24,25,169,170,171,172,173,174,175,176,177]
[178,179,180,181,182,184,185,186]
[297,298,299,413,414,415,416,417,419,420,421,422,423]
[9,10,73,74,75,76,77,78,217,218,219]
[41,42,43,44,45,46,47,48,49]
[93,94,95,96,97]
[79,80,81,82]
[123,124,125]
[84,85,86,87,88,89]
[3,4,15,16,17,93,94,95,96]
[21,22,23,24,25]
[82,83,84,85,86,87,88,89]
[178,179,180,181,182]
[45,46,47,48,49,50,66,67,68,69,70,71]
[442,443,444,445,446,447]
[45,46,47,48]
[0,1,2,3,4,5,6,7,8,10,11,12,13,14]
[18,19,20,21]
[20,21,22,23,24,25,26,54,55,56,57,58,59,60,61,62,63]
[140,141,142,143,144]
[124,125,126,127,128,129,130,131,133,134,135,136,137,138]
[16,17,118,119,120,121,122]
[398,399]
[8,9,10,11,12]
[23,24,25,26,27,28]
[383,384,385,386,387,446]
[19,20,21,22,23,24,25,26,34,35,36,37,38]
[235,236,237,238,239,240,241,242,243,244,245]
[0,1,2,3,4,6,7,8,9,10,11,13,14,15,16,17,18,19,20,21,23,24,25,26,27,28,29,30,31,32]
[14,15,16,17,18,19,20,21]
[63,64,65,66,68,69,70,71,72]
[0,1,2,3,4,5,56,57,58,59]
[0,1,2,3,4,5,6,24,25]
[13]
[4,5,6,7,8,9,10,11]
[15,16,17,18,19]
[351]
[171,172,173,174,175,176]
[42,43,44,45,46,48,49,50,51,52,53,55,56,57,58,59,60,61]
[157,158,159,160,161,162,163]
[0,1]
[56,57,58,59,60,61,62,63,64,65]
[10,11,12,13,14,36,37,38,39,40]
[993,994,995,996,997,998]
[74,75,76,77,78,79,80]
[24,25,26,27,28,29]
[23,24,69,70,71,85,86]
[18,19,20,21,22,23,24,25]
[0,1,2,3,5,6,7,8,37,38,39,40,41,43,44,45,46,47,48,49,50,51]
[28,29,30,31,32]
[31,32,33,34,35,36,37,38,39,287,288,289,290,291,292,293]
[12,13,14,15,16,17]
[114,115,116,117,118,119,120,121,122]
[11,12,13,14,15,16,17,18,19,23,210,211,212,213,214,215,216,217,218,220,221,222,223,224]
[84,85,86,87,95,96,97,98,99,100]
[145,146,147,148,174,179,180,181,288,289,290,291]
[29,30,31,32,33,34]
[87,88,89,90,91,92,93,94]
[5,6,8,9,10,11,13,14,15,16,17,18,21,22,23,24,25,26,27]
[1]
[4,5,6,7,8,9,10,11,12,14,15,16,17,18,19,20,21,22,23,26,27,28,29,30,31,32,33,35,36,37,38,39,40,41,42,44,45,46,47,48,49,50,51,52]
[13,14,15,16,17,18,19,21,22,23,24]
[94,95]
[0,1,2,3,4,5,7,8,9,10,11]
[19,20,21,22,23,24]
[25,26,27,28,30,31,32,33]
[]
[22,23,24,25,26,27,28,30,31,32,33,34,35,36,37,38]
[10,11,12,82,83,84]
[112,113,114,115,116,117,119,120,121,122,123,124,125,126]
[4,4,100,101,102,103,104,105,106]
[296,297,299,300,301,302]
[95,96,97,98,161,162,163,164,165,166,167,168,169]
[64,65,66,67,68,69,70]
[54,55,56,58,59,60]
[8,9,10,11,12]
[2,11,12,13,15]
[27,77,78,79,80,81,83,84,85,86]
[11,12,13,14,16,17,19,20,21,23,24,25,26,27,29,30,31,32,34]
[95]
[]
[8,9,10,11,12,13]
[138,139,140,141,142,244,245,246,247,249,250]
[18,19,20,21,48,49,50,51,52,53,54,55]
[0,1,2,3,4,5,6,7,8]
[103,104,105,106,107,108,109,111,112,113,115,116,117,119,120,121,122,123,125,126,127,129,130,131,132,133,134,135]
[15,16,17,18,19]
[221,222,223,224,225,226,227]
[26,27,28,29,30]
[97,225,226,227,228]
[19,20,21,22,23,24]
[16,17,26,27,28,29,30,31,32,33,35,36,37,38,39]
[89,90,91,92,93,94,95]
[19,20,21,22,23]
[36,37,38,39,40,41,42]
[15,16,17,18,19]
[4,5,6,7,58,59,60,61,62,63,64,65,66]
[44,45,46,47,49,50,52,53,54,55,56,58,59,60,61,62,63]
[364,365,366,367,368,370,371,372,373]
[]
[0,1,2,3,4,6,7,8,9,10,11,12,13,14,15]
[30,31,32,33,34]
[129]
[]
[219,220,221,222,223,224]
[117,118,119,120,121,122]
[12,13,14,15,83,84,85,86,87,88,89,90]
[5,6,7,9,10,97]
[54,55,56,57,58]
[30,31,32,33,34]
[39,40,41,42,43,44,45,47,48,49,50,51,52,54,55,56,57,58,59,60,61,62,63]
[28,29,30,31,32]
[158,159,160,161,162,163,194,195,196,197,198,199]
[0,1,2,3,4,6,7,8,9,10,11]
[115,116,117,118,119,120]
[71,72,73,207,208,209,211,212,213]
[9,11,22,63,64,65,66]
[36,37,38,39,40,41,43,44,45,46,47,48,49,50,51,52,54,55,56,58,59,60,61,62,63,64]
[55,56,57,58]
[0,1,2,3,4,6,7,8,9,11,12,13,14,24]
[26,27,28,29,30]
[16,17,18,19,20,21,22,23,24,25]
[17,18,19,20,21]
[43,102,103,104,105,106,107]
[0,1,2,3,4,5,6]
[49,50,51,66,67]
[6,7,54,55,56,57,58,59]
[8,9,10,11,12,292,293,294,295]
[17,18,19,20,21,22,23,24]
[]
[5]
[79,80,81,82,83,84,85,86]
[5,142,143,144,145,146]
[156,157,158]
[0,1,3,4,5,6,7,8,17,18,19,20,22,23,24,25,43,44,45,46,47,48]
[25,26,27,28]
[67,68,69,70,71,72,73,74,75,76]
[10,11,12,13,14,15,16,17,18]
[10,11,12,13,14,15,16,17]
[14,15,16,17,18,20,21,22,23,24,25,48,49,50,51,52,53]
[36,37,96,97,98,99]
[9,10,11,12,13,14]
[166,167,168,169,170,171]
[14,15]
[6,7,8,9,10,12,13,14,15,16,17,19,20,21,22]
[0,1,3,4,5,6,8,9,10,11,12,13,14,25,26,27,28,30,31,32,33,34,35,36,37,38,39,45,46,47,48]
[6,7,8,10,11,12,13,15,17,18,19,20,21,22,23,24,138,139,140]
[40,41,42,43,44,45,46,47,48]
[32,33,34]
[9,10,11,12,13,14,15,17,18,19,20,21]
[4,5,6,7,8,9,122,123,124,125,126,127,128]
[195]
[0,1,2,3,4,5,7,8,9,10,11,12,13]
[18,19,20,21]
[21,22,23,24,25,26,27]
[17,18,19,21,22,23,24]
[21,22,23,24,25,26,27,28,29,30,31,32,41,42,43,46,47,48,50,51,52,53]
[348,349,350,351]
[78,79,80,81,82,83,84,85]
[54,55,56,57,59,60,67,68,69,70,71,72]
[57,58,59]
[9,10]
[46,47,48,49]
[8,9,10,11,12,13,14]
[66,67,68,69,70,71]
[30,31,701,702,703,704,705]
[134,135,136,137,138,139,160,161,162,163]
[214,215,216,217,218,219]
[19,20,21,22,23,24]
[]
[11,12,13,14,15,478]
[30,31,32,33,34,35]
[67,68,69,81]
[5,6,7,8,19,30,31,32,33,34,35,36,37]
[6,7,8,9,10,11,13,14,23,24,25,26]
[8,9,10,11,12,13,14,20,21,22,23,24,25,26,27,28,29,40,41,42,43,44,45,46,47,48,49,55,56,57,58,59,60]
[181,182,183,184,185,186]
[66,81,82,83,84,85,86,87,89,90,91,92,93,94,95,96]
[14,15,16,17,18,19]
[29,30,31,32,33,34]
[246,247,248,249,260]
[445,446,447,448,449,450]
[21,22,23,24,25,26,27,28,56,57,58,693,694,695]
[12,13,14,15,16,17]
[62,63,64,65,66]
[12,13,14,15,16,17,18,19,20]
[61,62,63,64,65,66,67,68,70,71,72,73,74,75,76]
[11,12,13,14,15,69,70,71,72,73,118,119,120,121]
[24,25,26,27,28,29,30,31,36,37,38,39,40,41]
[0,1,2,3,4,5,264,265,266,267,284,285,286,287,288,289,291,292,293,294,295,296,297,395,396,397]
[21,22,23,24,25,26,28,29,30,31]
[7,8,9,10]
[67,68,69,70,71,72,73,74,75,77,78,79,80,81,82,83,85,86,87,88,89,90,91]
[42,43,44,45,46,47,48]
[11,12,13,14,15]
[12,13,14,15,16]
[93,94,95,96,97,98,99,100,101]
[5,6,45,46,341,342,343,344,346,347,348,349]
[39,40,41,42,43,83,84,85,86,95,96,97]
[30,31,33,34,35,36,37,39,40]
[11,12,13,14,80,81,82,83,84,85,86]
[43,44,45,46,47,48,49,95,96,97,98,99,100,101,102,103]
[113]
[25,26,27,28,29,30]
[99,100,101,102,141,142,143,144]
[548,549,550,552,553,554]
[138,139,140,141,306,307,308,310,311,312,313,314,315]
[523,524,525,526,527,528,529,530]
[30,31,32]
[248,249,250,251,252,253]
[19,20,21,81,82,83,84,85,87,88,89,90,91]
[12,13,14]
[62,63,64,65,66,93,94,95,96,97]
[10,11,12,13]
[0,1,2,3,125,126,127,128,129]
[305,306,307,308]
[14,16,17,18,19,20,22,23,156,157,158,160,161,162,163]
[68,69,70,71,72,73,74,75]
[4,5,6,7,8,9,10,11,40,41,42]
[78,79,80,81,82,83]
[]
[0,30,31,32,34,35,36,37,38,39,40,41,42,43,45,46,47,48,49,51,52,53,54,56,58,59,60,61,62,63,64,65,66,67,69,70,71,73,74,75,77,78,79,80,81,82,84,85,86,88,89,90,91,92]
[275,276,277,278,279,280,281,282,283]
[148,149,150]
[449,450,451,452,453]
[5,6,7,8,10,11,12,13,14,15,16,17,18,20,21,22,23,25,27,28,29,30,31,32,34,35,36,37,39,40]
[95,96]
[163,164,165,166,167]
[60,61,62,63,64,65,163,164,165,166,167,168,169,170,171]
[87,88,89,90]
[]
[106,107,108,109,110,111,112,113,114,115]
[22,23,24,25,26]
[0,1,2,3,5,6,7,281,282,283]
[4,68,69,70,71,72,73,74,75,76,77,78,79,85,87]
[20,21,22,23]
[]
[110,111,112,292,293,294,295,364,365,366,367,368,369]
[113,114,115,116,117,118,119,224,225,226,227,228]
[]
[248]
[13,14,15,16,19,20,21,22,23,104,105,106,107,108]
[411,412,413,414,415,417,418,419,421,422,423,424,425]
[141,142,143,144,145,146]
[360,361,362,363,364,365]
[14,15,16,17,18,19,20,21]
[16,17,18,19,20]
[26,27,28,29,30,31,33,34,35,36,37,38,44,45,46,47,48]
[11,12,13,14,15]
[140,141,142,143,144,145]
[491,492,493,494,495,496,497,498,513,514,515,516,517,518,519,520]
[29,30,31,32,33,34,35,36,37,38]
[10,11,12,13,14]
[135,136,137,138,139,140]
[16,17,18,19,20,21,22,23,24,38,39,40,41,42,43,44,45,46,48,49,50,51,52,53,54,55,56,58]
[40,41]
[30,31,32,33,34,35]
[22,23,24,25,26]
[29,30,31,32,34,35,36,37,58,59,60,61,63,115,116,117]
[75,76,77,78,79]
[11,12,13,14,103,104,105,106]
[95,96,97,98,99,100,207,208,209,210]
[206,207,208,496,497,498,499,500]
[35,36,37,38,39,40,41]
[73,74,75,76]
[50,51,52,53,309,310,311,312,313,314,315,316,317,318]
[9,12]
[0,1,2,3,4,119,120,121,122,124,125]
[]
[15,16]
[8,9,10]
[]
[111,112,113,114,115,116,117,118]
[551]
[95,96,97,98,99,100]
[18,108,109,110,113]
[39,40,41,42,43,44,45]
[0,1,2,3,10,11,12,13,14]
[70,71,72,73,74]
[394,395,425,426,427,428,429,430,431,432,433]
[163,164,165,166,167,168,169,170,171,174,175,176,178,179,180,187,188,189,190,191,193,194,195,196,197,198,199,200,201,202,203,204]
[53,54,55,56]
[77,78,79,80,81,82,83,84,85,214,215,216,217,218,219]
[69,70,71,72,73,74]
[18,19,20,21,22,23]
[5,6,7]
[13,63,64,65,66,67,68,69,70,71,72,73,75,76,93,185]
[24,25]
[0,1,2,3,4,6,7,8,9]
[401,402,403,405,406]
[17,18,19,21,22,23,24,25,26,28,29,30,47,48,49,51,52,53,54,56,57]
[52,53,54,55,56]
[300,301,303,304]
[43,44,45,46,47,48,49,50]
[0,1,2,3]
[238,239,240,241,242]
[3,4,5,6,7,8]
[95,96,97,98,100,101,102,103,104,105,107,108,109,111,112,113,114,115,117,118,119,120,121]
[31,32,33,34,35,36]
[59,60,61,62,64,65,66]
[42,43,44,45,46,47,48,49,50,51,52,53,54,55,56,57,58]
[0,1,2,3,4,5,7,8,9,10]
[0,1,2,3,4,5]
[5,6,7,8,545,546,547,548,549,550,551]
[18,19,20,68,70,71,72,73]
[66,67,68,69,70]
[308,309,310,311,312,416,417,418,419,420]
[148]
[66,67,68,69,70,71,91,112,113,114,115,116]
[231,232,233,234,235,236,237]
[63,64,66,67,68,69,158,159,161,162,163,164,221,222,223,224,426,427]
[140,141,142,143,144,145,147,148,149,150,151,153,154,155]
[9]
[35,36,37,38,39]
[11,12,13,14,16,17,18,19,21,22,23,24,116,117,118,119]
[0,1,2,3,4,5,6,7,19,20,21,22,23,51,52,53,54,55,56,57]
[6,238,239,240]
[2,51,52,53,54,55,56,57,58,59,60,62,63,64,65,66]
[1,2,4,5,6,7,29,30,36,37,38,39]
[381,382,383,384,385]
[22,23,24,25,26]
[9,10,11,19,20,21,22]
[5,6]
[62,63,64,65,66,67]
[36,37]
[42,43,44]
[16,17,18,19,20,21,33,34,35,36,37]
[201,202,203,204,205,206,207,208,209]
[99,100,101,102,103,104]
[5,6,7,8,133,134,135,136,137,138,140,141,142]
[]
[0,1,2,3,5,6,7,8,9,11,12,14,15,16,17,18,19,20,22,23,24,25,26]
[21]
[30,31,280,281,282,283,284,285,286,287,288]
[14,37,38,39,40,41,42,43,44,45,46,291,292,293,294,295,296,297,298,299,300]
[40]
[121,122,123,124,125,126,127,128,129,130,131,132,270,271]
[]
[220,221,222,223,224,225,226,228,229,230,231,232,233]
[32,33,34,35,36,38,40,41,42,43,44,45]
[36,37,38,39,40,105,106,107,108,109,110,111]
[169,170,171,172,173]
[0,1,2]
[6,7]
[115,116,117,118,119,120]
[594,595,596,597]
[189,190,191,192,193,194,195,211,212,213,214,215,216,217]
[285,286,287,288]
[249,250,251,252]
[42,43,44,45,46,47]
[0,1,2]
[91,92,93,94,95,96,97,98,116,117,118,120,121,122,123]
[112,113,114,115,116]
[280,281,282,283,284,285,286,538,539,540,541,542,543,544]
[50,51,52,53,54,55,173,174,175,176,177,178]
[26,27,28,29,30,31,142,143,144]
[30,31,32,55,56,57,58,59,60]
[29,39,39,52,53]
[33,229,230,231,232,233,234,250,251,252,253,254,255,256]
[261,262,263,264,265,266]
[28,29,30,31,32,33,34,35,37,38,39,78,79,80,81,82,83,84]
[11,465,466,467,468,469,470,471,472,473,474]
[215,216,217,218,219,220]
[808,809,810,811,812,813]
[106]
[19,20,21,22,23,25,26,27,130,131,132,133]
[79,80,81,82,83]
[18,19,20,21,22,23,24,25]
[15,16,17,18,19,20]
[81,82,83,84,85,86]
[9,10,11,12]
[41,42,43,44,45,46,47,48,49]
[70,71,72,73,74]
[14,15,16,17,18]
[431,432,433,434,435,436]
[57,58,60,61,62,63,64,65,66]
[34,35,36,37,38,39,40,41,42]
[11,12,13,14,15,16,17,18,19]
[59,60]
[96,97,98,99,100,101,102,104,105,106,107,108,109,110,111]
[8,9,10,11,12,13]
[0,1,2,3,4,5,7,8,9,10,11,12,13,29,30,31,32,33,35,36,37,38,39]
[55,56,57,58,59,60]
[10,11,12,13,14,15,16,17,18]
[19,20,21,22,23,24,25,26,27]
[82,83,84,85]
[61,62,63,64,65,66]
[20,21,22,23]
[8,9,11,12,13,14,15,16,17,18]
[27,28,29]
[0,1,2,3,4,5,6,7,489,490,491,492,493,494,495]
[36,37,38,39,40,41,42,43,306,307,308,394,395,396,397,398,399,400]
[7,8,9,10,11,13,14,15,16,17,18,19]
[196,197,198,199]
[28,29,30,31]
[16,17]
[29,30,31,32,33,34]
[55,56,57,58,59,61,62,63,64,65,66]
[5,6,7,8,9,10,11,12,14,15,16,17,18,19,20]
[147,148,149,303,304,549,550,551,552,553,554,555,556,557]
[19,20,21]
[101,102,103,104,105]
[105,106,107,108,109,111,112,114,115,116,117,118,119,120]
[]
[31,32,33,34]
[107,108,109,110,111,162,163,164,165,166]
[49,50,51,52,53,54]
[323,324,325,326,718,719,720,721,722,723,724,725]
[0,1,2,3,4,5,6,7,8]
[16,17,118,119,120]
[64,65,66,67,68,69,70,71,73,74,75,76,77,78,79,80,81]
[10,11,12,14,15,16,17,18,19,20,21,61,62]
[19,20,21,22,23,28,29,30,31,32,33,34]
[12,13,14,15,16]
[16,17,18,19,20,21]
[8,9,10,11,12,13]
[]
[55,56,57,58]
[106,107,108,109,110,111,146,147,148,149,150,151]
[281,282,283,284]
[5,6,7,8,9,10,12,13,14,15]
[25,26,27,28,40,41,42,43,44,45,46,47,153,154,155,156,157,158]
[25,26,27,28,29,30,31,32,33,34,35,38,39,40,41,42,43,44]
[66,67,68,70,71,72,73,74,75,76]
[57,58,59,60,61,62,63,64,66,67,68,69,70]
[59,60,61,62,63,64,65,66,67]
[79,80,81,82,83,84]
[20,21,22,23,24,25,26,27,58,59,60,61,62,63]
[]
[427,428,429,430,431,432,433]
[31,32,33,34,35,36,37,38,39]
[69,70,71,72]
[46,47,48,49,51,52,53,54,56,57,58,59,60,61,62]
[201,202,203,204,205]
[12,13,14,15,16,17,18]
[67,68,69,70,71,72,73,201,202,203,204,205,206,207,208]
[113,114,115,116,117]
[3,4,5,82,83,84,85]
[14,15,16]
[7,8,9,10,11,12,13]
[0,1,2,3,4,6,7,8]
[59,60]
[191,192,193,194,195,196]
[89,90,91,92,93,94]
[275,276,277,279,280]
[125]
[8,9,10,11,12]
[10,11,12,13,14]
[296,297,298,299]
[146,147,148,207,208,209,210]
[11,12,13,14,15,16,40,41,42,43,44,45]
[132,133,134,135,176,177,178,179,180,181,182]
[10,11,12,13,14,15]
[72,73,74,75]
[51,52,53,54,55,56,57,58,70,72,73]
[49,50,51,52,53,54,55]
[7,8,9,10,11]
[87,89,90,91,92]
[247]
[109,110,111,112,113,114,115,116,117]
[74]
[88,89,90,91,92,93,111,112,113,114,115,116]
[33,34,35,36,37,38]
[17,18,19,20,21,22]
[0,1,2,3,4,5]
[0,1]
[0,1,2,3,4,6,7,8,10,11,12,13]
[20,21,22,23,24,25,26,27,28,45,46,47,48,49,50,51,52,53]
[118,119,322,323,324,325,326]
[21,22,23,24,25,72,73,74,75,76]
[54,55,56,57,58,59]
[8,9,10,11,12,44,45,46,47,48]
[0,1,2]
[7,8,9,10,94,95,96,97,98,99,100,101,102]
[39,78,263,264,265,266,267,268,270,271,272,273,274,275,276,288]
[11,12,13,14,15,16,17,19,20,21,22,23]
[13,14,15,16,18,19,20,21,22,23,24,25]
[16,17,18,19]
[64,65,424,425,427,428]
[73,74,75,76]
[17,18,19,20,21,22,23,24,25]
[]
[9,10]
[224,225,226,227,229,230,231,232,233]
[175,176,177,178,179,181,182,183,184,185,186,187,188]
[0]
[91,92,93,94,95,96]
[51,52,53,54]
[2,12,14,15,16,17]
[11,12,13,14,15]
[18,19,20,21,22,23,24]
[47,48,86,87,178,179,180]
[46]
[56,57,58,59,60,61]
[26,27,28,29,30,31,32,33,41,42,43,44,45]
[39,40,41,42]
[22,23,24,25]
[0,1,2,3]
[15,16,17,18,19,20,21,22,23,160,161]
[12,13,14,15,16,17,19,20,21,22,23,24]
[41,42,43,44,45,46]
[7,8,9,10,11,12,13,14,15]
[14,15,16,115]
[341,342,343,344,345,346,347,348,349]
[39,40,41,42,43,44]
[11,12,13,14,15,16]
[42,43,44,45,46,47,48]
[0,1,2,3,4,5,6]
[0,1,2,3,4,5,6,7,8,21,22,23,24,25,26,27]
[7,8,9,10,11,12,438,439,440,441,442,443]
[230,231,232]
[15,16,17,18,19]
[4,5,6,7]
[19,20,21,22,37]
[641,642,643,644,645]
[14,15,16,17,143,144,145,886,887,888,889,890,891]
[]
[29,30,31]
[13,14,15,16,17,18,19]
[51,52,53,54,55,56,57]
[21,22,23,24,25,26]
[57,58,59,60,61]
[73,74,75,76,77,78,217,218,219,220]
[107,108,109,110]
[55,56,144,145,146,147,148]
[4,5,6,7,8,9,27,28,29,30,31,32,33]
[85,86,87,88,89,90,91,92,93]
[70,71]
[138,139,140,141]
[3,4,5,7,8,9,10,73,74,75,76,77,78,79,98,99,100,102,103]
[36,37,38,39]
[19,20,21,22,23,24]
[15,16]
[46,69,70]
[0,1,2,3,4,5,11,12,13,14,15,16,17,18,19,20]
[0,1,2,3,4,6,7,8]
[118]
[15]
[15,16,17]
[19,20,21,22,24,25,26]
[23,24,25,26,27,28,29]
[]
[102,103,104,105,106,107,108,109,110,154,155,156,157,158,159,160]
[129,130,131,132,133,134]
[20,21,22,23,24,25,26,27,162,163,164,165,166,167]
[66,67,68,69,70,71,72]
[11,12,13,14,15,17,18,19,20,21]
[36,37,38,39,40,41,42]
[0,1,2,3,48,49,50,183,184,185,186,187]
[39,40,41,42,44,45,46,47,48,49,50,51,52,53,54,694,695,696,697,698,700,701,702]
[17,18,19,20,21,22,23,24,25,27,28,29,30,32,33,34,35,36,37]
[62,63,64,65,66,67,68,69]
[111,112,113,114,115]
[12,13]
[14,15,16,17,18]
[1,241,242,243,244,245,246]
[31,32,33,34,35,36,37]
[84]
[26,27,28,29,30,31,32,33,34,35]
[48,49,50,51,52]
[233,234,235,236]
[37,38]
[87,88,89,90]
[60,61,62,63,64]
[4,15,16,17,18,149,150,151,152,153,154,155,157,158,159,160,161]
[]
[0,1,2,3,4,5]
[10,11,12,13,15,16,115,116,117,118]
[135,136,137,242,243]
[35,36,37,38,39,40]
[0,1,2,3,4,5]
[53,54,55,56,57,58,59]
[12,13,14,15,16,18,19,20,21,22,23,24,25,26,32,33,34,35,36]
[23,24,25,26,27,28]
[32,33,34,35,36,37,38,39,40,57,58,59,60]
[11,12,13,14,15,16]
[28,29,30,31,32,33]
[398,399,400,401]
[33,34,35,36,37]
[302,303,304,305,306,308,309,310,311]
[0,1,2,3,4,5,7,8,9,10,11]
[58,59,60,61,62,63,64,259,260,261,262,263,264,265]
[4,5,6,142,143,144,145,146,147]
[12,13,14,15,16,48,49,50]
[204,205,206,207,208,209]
[121,122,123,124,126,127,128,129,132,133,134,135,136,137,140,141,142,143]
[117,118,119,120,121,122,123,124,125,126,128,129,130,131,132,133,134,135,136]
[8,9,10,11,12]
[10,42,43,44,45]
[72,73,74,75,76,77]
[31,32,33,34,35,36]
[136,137,138,139,140,141]
[5,6,7,8,10,11,12,13,14,15,16,17]
[41,42,43,44,121,122,123,124,125]
[417,418,419,420,421,422]
[67,68,69,70,71,72]
[13,14,15,16,17,125,126,127,128,129]
[14,15,16,17,18,19]
[148,149,150,151,152,153]
[42]
[45,46,47,48,49,136,137,138,139,140,141,142,143,144]
[31,32,33,34,35,36]
[40,41,42,43,44,45,46,47,48,49,51,52,53,54,55,56,57]
[48,49,50,51,52,53,54,55,56]
[1,39,40,41,94,95,96,98,99,100]
[174,175,176,177,178,179,180,181,182,243,244,245,246,247,248,249]
[81]
[0,1,2,5,6,7,8,9,15,16,17,18,19,20]
[96,97,98,99,100,101,102]
[34,35,36,37,38]
[641,642,643,644,645,646,647,648,649,650]
[248,249,250,251,252,253,254,255,256]
[270,271,272,273,274,275]
[23,24,25,26,27,53,54,55,56,57,58,59]
[23,24,25,26,27,28,29,30,32,33,34,35,36]
[0,1,2,3,4,5,6]
[0,1,2,3,4,5,6,7]
[104,114,115,116,117,118,119,120,121]
[1,2,3,4,6]
[28,29,30,31,32,51,52,53,54,55]
[24,25,26,27,28,29,31,32,33,34,35,36]
[38,39,40,45,46]
[9,10,11,12,21,22,23,24,59,60,61,62,63]
[43,44,45,54,55,56]
[84]
[21,22,23,24,25,26,27,28,29]
[6,46,47,48,49,50]
[2,3,4,5]
[14,15,16,17,18,19,20,21,24,25,26,27,28,29]
[83,84,85]
[444,445,446,447,448,449]
[0,1,2,3,4,6,7,8,10,11,12,13]
[75,76,77,148,149,150,151]
[17,18,19,20,21]
[57,58,59,60,61,62]
[0,1]
[31,32,33,34,35,40,41,42,43,44,45,46,47,48]
[5,6,7,8,9,10,11,12]
[12,13,14,15,16,17,18]
[144,145,146,147,148,149,150,151,152,153,154,155]
[39,40,41,42,43,44,45,46,47,48]
[26,27,28]
[39,40,41,42,43]
[148,149,150,151,152]
[]
[39,40,41,42]
[14,15,16,17,18,19,56,57,58,59,62,63,64,65,66]
[223,224,225,226,255,256,257]
[66,67,68,69,72,73,74,75,76,79,80,81,82,83,84,88,89,90,93,94,95,96,97,98,100,101,102,103,104,105,106,107]
[23,24,25,26,27,28,29,30]
[400,401,402,403,404,408]
[8,9,10,11,12,13,14]
[160,161,162,163,164,165]
[66,67,68,69,70,71,83,84,85]
[20,21,22,23,24,25,26,27,28]
[348,349,350,351,352,353]
[42]
[83,84,85,86]
[0,1,2,3,4,5]
[38,39]
[327,328,329,330,331,332,333,592,593,594,595,596,597,598]
[1]
[11,12,13,14,102,103,104,105,106,107]
[4,5,6,7,8,9,10,11]
[221,222,223,224,225,226,227,228]
[8,9,10,11,12]
[28,29,30,31,32,33]
[84,85,86,87,88,89]
[242,243,244,245,246,247,248,249,250,251,253,254,255,256]
[5,6,7,8,9]
[11,12,13,14,15,16,17,18,19,20,21,22,24,25,26,27,28,29,30,31,32]
[4,5,6,7,8,9,10,11,12,79,81,82,83]
[72,73,74,75,76,77,78,79]
[39,40,41,42]
[2,101,102,103,104,105,106,107,108]
[321,322,323,324,325,327,328,329,336,343,344,345,346,347,349,350,351]
[67,68,69,70,71]
[0,1,2,3]
[41,42,43,44,45,46,47,48,49]
[4,5,6,7,8,9]
[98,99,100,101,102,123,124,125,126,127,128]
[75,76,77,78,79]
[40,41,42,43,44,45]
[30,31,32,33]
[31,32,33,34,35]
[130,131,132,133,134,316,317,318,319,320]
[5,6,7,9,10]
[]
[83,84,85,86,87,88]
[27,28,29,30,31,32,33]
[45,46,47,48]
[51,52,53,54,55,56]
[28,29,30,31,32,34,35,36]
[15,16,17,18,19,21,22,23,24,25,26]
[147,148,149,150,151,153,154,155,156,157,158,160,161,162,163,164]
[16,17]
[13,14,15,16,17,18,19]
[0,1,2,3,4,5,6,8,9,10,11,12,13,14,15,16,26,27,28,29,30,31,32,33,34]
[68,69,70,71,72,73]
[19,20,21,22,23]
[29,30,31,32,33,34,104,105,106,107,108]
[26,27,28,29,30]
[18,91,92,93,94,95,96,97,98,100,101,336,337,338,339,340,341]
[21,22,23,24,25,26,27,28,29]
[6,7,8,9,10]
[106,107,108,109]
[22,23,24]
[23,24,25,26,27,33,34,35,36,37,79,80,81,82,83,84,85]
[125,126,127,129,130,132,308,309,310,312,313,316,317,318,319,320,321,322]
[89,90,91,92,93,94]
[8,9,10,11,12]
[19,20]
[57,58,59,60,61,62,63,64]
[82,83,84,85]
[231,232,233,234,235,236,237,238]
[0,1,2,3,4]
[185,186,187,188,189,190]
[28,29,30,31,32,33,56,57,58,59,60]
[53,54,55,57,58,59,60,81,82,83,85,86,87,88,90,91,92,93,94,96,97,98,99]
[78,79,80,81]
[20,21,22,23,24,25,26]
[14]
[4,5,6,38,39,40]
[28,29,30,31,32,33]
[136,137,139,140,142,370,371,372,373,374,375,376,378,385,386,387,389,390,391,392,393,394,395]
[23,24,25,26,27,28,29,30,31]
[0,0,162,163,164,165,166,167,168,169]
[192,193,194,195,219,296,297,298,299]
[133,134]
[17,18,19,20,21,104,105,106,107]
[8,9,10,11,12,13,14]
[54,55,56,57,58,59,60,61,62,63,65,66,67,68,69]
[98,99,100,145,146,147,148,149,150]
[27,28,29,30,31,32,170,171,172,173,174,175,176,177]
[84,85,86,141,142,143,144]
[181,182,183,184,185,186,187]
[70,71,72,73,74]
[140,141,142,143,144,145,146,147]
[162,163,164,165,166,167]
[349,350,351,352,353]
[19,20,21,22,23,25,26,27,28,30,32,33,34,35,36,38,39,40,41,43,44,46,47,48,50,51,52,53,54,55,56,57]
[0,1,2,3,4,5,6]
[12,13]
[0,1,2,3,4,5,107,108,109,110,111,112,120,121,122,123,124,125,170,171,172,173,174,175]
[48,49]
[43,44,45,46,47,48]
[12,13,14,15,16,17,18,19,20,32,33,34,35]
[0,1,2,3,4,5,6]
[35]
[161,162,163,164,165,166]
[78,79,80,81]
[13,14,15,16,17,18,19,20,21]
[90,91,92,93,94]
[76,77,78,79,80,81,82]
[52,53,54,55,56,57,58,59,60]
[30,31,32,33,34,35]
[0,1,2,65,66,67,68,178,179,180]
[14,15,16,17,18,19,20,21,23,24,25]
[157,158,159,160,161,162,163,164,165,166]
[]
[14,109,110,637,638,639,640,641,642,643,644,828,829,830,831,837,838,839,840,841,842,843,844]
