[118,119,120,121,122,123,126,127,128,133,134,135,140,141,142,143,144,145,146]
[81,82,83,84,85,86]
[483,484,485,486,487,488,489,490]
[413,414,415,416,417,418,419,420]
[]
[129,130,131,132,133,134]
[35,36,37,38,39]
[55,56,57,58,59,60,61,62,114,115,116,117]
[37,38,39,40,41,134,135,321,322,323]
[94,95,96,97]
[17,18,19,20,21,22,23,24,26,27,28,29,30]
[6,7,8,9,10]
[58,59,60,61,62,63]
[197,198,199,201]
[30,31,32,39,40,41,42,43,44,45,52,53,54,55]
[134,135,136,137,138,139]
[22,23,24,25,26]
[12,13,14]
[2,3,4,5]
[47,48,49]
[25,26,27,28,29,31,32,33]
[]
[]
[13,14,15,16,17,18,19,20,21,22,23,24,25,50,51,52,53,54,55]
[238,239,240,241,242]
[13,14,15,16,17,18,19,20,21]
[13,14,15,16,17,18,22,23,24,25]
[10,11,12,13,14,15,19,36,37,38,39,40,41,43,44,45,46,47,48,89,90,91,92,93]
[5,6,7,8,9,10,11,13,14,15,16,17]
[93,94,95,129,130,131,132,133,175,176,177,178,179,180,184,185,186,197,198,199,200]
[180,181,182,183]
[57,58,59,60,61,62,63,64,70,71,72,73,74,75,76,77]
[17,18,19,20,21,22,23,24,25,26]
[8,9,10,11,12]
[28,29,30,31,32,33,34,35]
[18,19,20]
[12,13,14,15,16]
[20,21,22,23,24,25,26,27]
[40,41]
[6,7,8,9,10,11,12,94,95,96,97]
[]
[157,158,159,160,216,217,218,219,220,221,222,223]
[42,43,44,45,46,49,50,51,52,53,54,56]
[]
[]
[]
[41,42,43,44,45]
[47,48,49,50,51,52,53,54]
[12,13,23,24]
[301,302,303,304,478]
[5,6,7,8,9,10,11]
[7,8,9,10]
[14,15,16,17,18]
[3]
[44,45,46,47,48]
[30,31,32,33,36,37,38,39,40,41,42,43,44,45]
[]
[60,61,62]
[218,219,220,221,222,223,224]
[21,22,23,24,25,26]
[101,102]
[30,31,32,33,34,35,36,37,178,179,180,181,182,183,184,186,187,360,361,362,363,364,365,366,367,368]
[66,67,68,69]
[93,94,95,96]
[]
[30,31,32,36,37,38,39,40,41]
[35,36,37,38,39]
[75,76]
[21,22,23,24,25]
[35,36,37,38,39,40,41,42,43,44]
[22,23]
[]
[55,56,57,58,59,60]
[50,51,52]
[7,8,9,10,11,12]
[165]
[92,93,94,95]
[32,33,34,35,36,37,38,67,68,69,70,71,72,73,77,78]
[14,15,16,17,18,19,102,103,104,105,106,107]
[21,22,23,24,25,26,27,28,175,176,177,178,179,180]
[2,3,4,6,8,9,10,11,12,14,15,16,17,19,20,21,29,30,31,32,34,35,36,37,39,40,41,42,43,45,46,47,48,50,51,52,53,55,56]
[52,53,60,61,62]
[5,6,7,8,9,10]
[28,29,30,31,32,33]
[114,115,116,117,118,119]
[101,102,103,104,105,106,107,108,110,111,112,113,114,134,135,136,137,138,139,140,141,142]
[33]
[1,2,3,8,9,10,11,12]
[11,12,13,14,15,23,24,25,26,27]
[28,29,30,31,32,33,245,246,247,248,249,250,252,253,254,255,256,257]
[11,12,13,14,15]
[20,21,22,23,24,25]
[34,35,36,37,38,39]
[87,88,89,104,105,106,107,108,109]
[310,311,312,313,314]
[14,15,16]
[336,337,338,339,340,341]
[17,18,19,20,45,46,47,48,49,50,58,59,60,61,62,63]
[15,16,17,18,19,103,104,105,106,107,108]
[53,54,55]
[13,14,15,16,17,18]
[12,13,14,15,16,17,18,19,20,21]
[242,243,244,245,246]
[24,25,26,27,28,29,30,31,37,38,89,90,91,92]
[28,29,30,31,48,49,50]
[]
[107,108,109,110,111]
[177,178,179,180,181,182,184,185,186,187,188,189,190,191,192,195,196,209,210,211,212,391,392,393]
[32,33,34,35,36,37,38]
[53,54,55,56,57,58]
[]
[95,96,97,98,99,100,101,102]
[]
[33,34,35,36]
[20,21,22,23]
[39,40,41,42,43,44,45]
[91,92,93,94,95,96,97,98,99,350,351]
[97,98]
[69,70,71,72,73,74]
[19,20,21,22,23,24,25,26,77,78,79,80,81]
[13,14,15,16,17]
[146,147,148]
[37,38,39,40,41,42,43]
[233,234,235,236]
[114,115,116,117,118,119]
[25,26,27,28]
[19,20,21,22,23,24,25]
[18,19,20,21,24,25,26,27,28,34,35,36,37,40,41,42,43,45,46,47,48,49,50,51]
[4,5]
[5,6,8,9]
[21,22,23,24]
[5,6,6,8,9]
[15,16,17,18,19]
[37,38,39,40,108,109,110,111,112,113]
[12,13,14,15,16,17,18,19,20]
[71,72,73,74,75,76,77]
[166,167,168,169,170,171]
[20,21,22,23,24,25,26,27,28,361,362,363,364,365,366]
[115,116,117,118,119,120]
[73,74,75,76]
[17,18,19,20,21]
[105,106,107,108,109,110]
[48,49,50,51,52,53]
[470,471,472,473,474,475,476,477]
[21,22,23,24,27,28,29,30,31,34,35,36,37,39,40,41,42,43,44,45,48,49,50,51]
[23,24,25,26,27]
[528,529,530,531,532,533,536,537,538]
[142,143,144,145,146,147]
[66,67,68,69,70,71]
[125,126,127]
[40,41,42,43]
[]
[7,8,9,10,11,12,13,14,15,16,52,53,54,55,56,57,58,59,60,61]
[]
[]
[27,28,29,30,31]
[70,71,72,73,74,75]
[17,18,19,20,21,22,23,24,25,26]
[38,39,40,41,42,43]
[10,11,12,13,14]
[39,40,41,42,413,414,415,416,417]
[121,122,123,124,125,126,127,128,130,131,132,133]
[198,199,200,201,202,203]
[]
[38,39,40,41,42,43,44,45,46]
[26,27,28,29,30,31]
[20,21,22,23,24,25]
[28,29,30,31]
[22,23,24,25,26,27]
[6,7,8,9,10]
[7,8,9,10,11,12]
[81,82,83,84,118,119,120,121]
[24,25,26,27,28,29,270,271,272,273,274,275]
[39,40,41,48,49,50,51,52,53,61]
[2,307,308]
[19,20,21,22,23]
[79,80,81,82,83,84]
[]
[39,40,41,42,43,44]
[5,6,7,8,9,10]
[75,76,77,78,79]
[24,25,26,27,28,29]
[14,15,16,17]
[38,39]
[27,28,29]
[8,9,10,11,12,13,203,204,205,206,207,208]
[398,399,400]
[42]
[18,19,20,21,22,23,24,278,279,280,281,282,283,284,285,287,288,289,290,291]
[29,30,31,32,33,34,35,36,48,49,50,51]
[17,18,19,20,21]
[20,21,22,23,24]
[80,81]
[197,198,199,200,201,202,203,204,205]
[8,9,10,11,12,13,14,15,16,407,408,409,410,411,412,413,414,415]
[24]
[]
[9,10,11,12]
[98,99,100,101,102,103]
[54,55,56,57,58,59,276,277,278,279,280,281]
[]
[18,19,20,21,22]
[]
[55,56,57,58,59,60,61,62,63,192,193,194,195,196,197,198,200]
[100,101,102,103,104,105,106,107,108]
[]
[83,84,85,86,87,88,89,90,91]
[25,26,27,28,29]
[15,16,17,19,20,175,176,177,178,179,180,181,183,184,185,186]
[6]
[67,68,69,70,71,72,73,74,75]
[12,13,14,15,16,17,19,20,21,22]
[6,7,8]
[17]
[126,127,128,129,130]
[41,42,43,44,45,46]
[83,84,85,86]
[87,88,89,90,91,92]
[0,1,2,3,5,6,7,8]
[25,26,27,28]
[536,537,538,539,540,541]
[130,131,132,133,134]
[8,15,57,58]
[]
[6,7,8,13,14,15,16,17,18,19,20,21]
[155,156,157,158,159,160]
[217,218,219,220,221,222,566]
[25,26,27,28]
[9,10,11,12,13,14]
[]
[21,22,23,24,25,26]
[272,273,274,275]
[8,9,10,11,12]
[48,49,50,51,52,53,226,227,228]
[14,15,16,17,18,19,20,29,30,31,32,33,34,35]
[37,38,39,40,41]
[]
[27,28,29,30,31,32,33,34]
[53,54,55,56,57,58,85,86,87,88,89,90,91,92,93,94]
[248,249,250,251,252,253,254,255]
[5,6]
[49,50,51,52,53,54,98,99,100]
[20,21,22,23,24,25]
[12,13,14,15,16,17,18,19,20,75,76,77,78,79,80,81,82,83]
[]
[79,80,81,82,83,84]
[82,83,84,85,86,87]
[157,158,159,160,161,162,163,164,165,166]
[66,67,68,146,147,148,149,152,153,154,163,164,165,166,167,168,169,170,171,172,174,175,176,177]
[83,84,85,86,87,398,399,400]
[144,145,146,147]
[66,67,68,69]
[44,45,46,47,48,154,155,156,157,158,159,160,161,162]
[49,50,51,52,53,54,56,57,58,59,61,62,63,64,65,66,67,68]
[80,81,82,83,142,143,144]
[19,20,21,22,23]
[101,102,103,104,105,106,511,512,513,514,515,516,517,518]
[147,148,149,150,151,152,153,154]
[14,15,16,17,18,19,21,22]
[]
[233,234,235,236,237,238]
[13,14,15,22,23,24,25,27,28,29,30,31,33,34,35,89,90,91,92,93,94,95,96]
[395,396,397,398,399,400,474,475,476,477,478]
[144,145,146,147,148]
[18,19,20,21,22,23,59,60,73,74,75,76,77,78,79,80,92,93,94,104,105,106]
[13,14,15,16,18,19,20,21,22,24,25,26,27,28,29,30,31,33,34,35,36,37,38,40,41,43,44,45,46,47,48]
[15,16,17,18,19]
[14,15,16,17,18,19,20,21,72,73,74,75,76,119,120,121,122,123]
[27,28,29,30,31]
[78,79,80,81,259,260,261,262]
[51,52,53,54,55,56]
[6,7,8,132,133,134,135,136,137,138,139,631,632,633,634,635,636,917,918,919,920,921,922,923,924,925,927,928,929,930,932,933,934,935,936]
[21,22,23,24,25,26,27,51,52,53]
[18,19,20,21,23,24,26,27,28,29,31,32]
[960,961,962,963,964,965]
[4,40]
[3,4,193,194,195,196,198,199,200]
[10,11,12,13,14]
[80,81,82,83,84]
[57,58,59,60,61]
[9,10,11,12,13,14,15,16,18,19,20]
[95,96,97,98,99,100]
[496,497,498,499,500,501]
[]
[122,123,124]
[28,29,30,40,41,42,43,44,45,46,47,49,50]
[14,15,16,17,19,20,21,22,23,24,25,26,78,79,80,81,82,83,84,85]
[94,95,96,97,98]
[2,192,193,194,195,199]
[199,200,201,202,203,204]
[321,322,348,349,350,351,352]
[296,297,298,299,300,301]
[56,57,58,59,60,61]
[52,118,119,120,121,122,123]
[5,6,7,279,280,281,282]
[21]
[58,59,60,61,62,202,203]
[49,50,51,52]
[13,14,15,16,17,18]
[14,15,16,17,18,19,20]
[318,319,320,321,322,323,373,374,375,376,377,378,379,380,381]
[284,285]
[436,437,438,439]
[]
[52,53,54,55,431,432,433,434,435]
[28,29,30]
[5,6,7,8,29,30,31,32,33,34,35]
[10,11,12,13,14,15]
[224,225,226,227,228,232,233,234,235]
[27,28,29,30,31,32]
[18,19,20,21,22,23]
[215,216,217,218,219,220]
[20,21,43,44,45,46,47]
[42,43,44,45,46,47]
[49,50,51,52,53,54,55,56,57,58]
[88,89,94,95,96,97]
[16,17,18,19,20,21,30,31,32]
[54,55,56,57,58,59]
[107,108,109,110,112,113,115,116,117]
[8,9,10,11,12,13]
[2]
[5]
[183,184,185,186,187,188]
[169,170,171,172,173,174]
[4,6,7,8,22,28,29,30]
[31,32,33,34,35,36]
[2,3,8,9,10]
[11,12,13,14,15]
[15,16,17,18,90,91,92,93,94,95,96]
[55,56,57,58,59,60]
[35,36,37,38]
[47,48,49,50,51]
[]
[10,11,12,116,117,118,119,120,121,122,123,124]
[36,37,38,39,40,57,58,59,60,61,62]
[259,260,268,269,270,271,272,279,280,281,282,283]
[8,9,10,11,12,13,14,15,59,60,61,62,63,64,65,66]
[26,27,28,29]
[0,1,2,3]
[13,14,15,16,17,18,19,20]
[202,203,204,205,206,207]
[17,21,22,23,24,26,27,29,30,31,33,34,35,36,37]
[48,49,50,51,52]
[52,53,54]
[4,5,6,7,8,9,71,72,73,74,75,76]
[80,81,82,83,84,85]
[69,70,71,72,73,74]
[4,5,6,7,8,9,10,21,22,23,24]
[41,42,43,77]
[136,137,138,140,141,142,256,257,258,390,391,392,599,600,601]
[26,27,28,30,31,32,33]
[214,215,216,224,225,226]
[10,11,12,13,14]
[25,26,27,28,30,31,32,33,34,35]
[55,56,57,58]
[124,125,126,127]
[18,19,20,21,22]
[20,21,22,23,24,25]
[152,153]
[45,348,349]
[176,177,178,179,180,181,182,183,188,189,190,191,192]
[4,5,6,7,8,12,13,14]
[145,146,147,148,149,150]
[26]
[30,31,32,33]
[8,9,10,31,32,33,34,35]
[52,53,54,55,56]
[]
[163,164,165,166,167,168]
[71,72,73,74,75,76,77,78]
[10,11,12,13,14,15]
[71,72,73,74,75,76,78,79,80,81,82]
[0]
[30,31,32,33,34]
[76,77,78,79,80]
[13,14,15,16,17,18]
[4,5,6,7,8,9,10,11,12,13,49,50,51,52,53]
[20,21,22]
[7]
[4,5,6,7,8,9,10,11,179,180,181]
[155,156,157,158,159]
[127,128,129,130,131]
[66,67,68,69,70]
[45,46,47,48,49,50]
[68,69,70,71,72,73]
[]
[]
[94,95,96,97,98,99]
[16,17,18,19,20]
[37,38,39,40,41,42,43,44,45]
[19,20,21,22,23,24]
[26,27,28,29,35,36]
[86,87,88,89,90,91]
[35,36,37,38,208,208,297,298,299,300,301,302,303,304,306,307,401,401,404,405,406,407]
[46,47,48,49]
[5,6,7,9,10,11,12,13,14,20,21,22,23,25,26,27,29,30,32,33,34,36,37,38,39,40]
[6,7,8,9,10,11,29,30,31,32,33,34]
[27,28,29,30,33,34,35,36]
[25]
[21,22,617,618,619,620,621,622,623,624]
[261,262,263,264,265,266]
[33,34,35,36,37]
[49,50,51,52,54,55,56,57,58,59]
[118,119,120,121,122,123]
[21,22,23,24,25,26,255,256,257,258,259,260,261,262,263,264]
[57,58,59,60,61,62]
[81,82,83,84,138,139,140]
[20,21,22,23,26,27,28,29,30,31,32,34,35,36,37,38]
[]
[65,66,67,80,81,82,83,84,85]
[55,56,57,58,59,60,61,62]
[195,197,198,199,200]
[1,27,28,29,30]
[55,56,57,58,59,60,107,108,109,110,111,112]
[]
[]
[82,83,84,85,86,87,88,89,90,495,496,497,498,499,500]
[23,24,25,26,27]
[77,78,79,80]
[74,75,76,77,78,79,80,81,82]
[8,9,10,11,12,13]
[38,39,40,41,42,43,44,45]
[24,25,26,27,28]
[7,8]
[60,61,62,64,65,66,67,68,120,121,122,123,124,125]
[]
[141,142,143,144,145,146]
[17,18,19,20,33,34,35,36]
[64,65,66,67,68,69]
[157,158,159,160,161,163,164,165,166]
[7,8,9,10,11,12,13,14,61,62,63,64]
[7,8,9,10,11,152,153,154,155,156]
[15,16,17,18,19,20]
[131,132,133,134,135]
[12]
[7,8,9,10,11,12]
[34,35,36,38,39,40,41,42,43,59]
[8,9,10,11,12,13]
[5]
[311,312,313,314,315,316,496,497,498,499]
[159,160,161,162,163]
[27,28,29,30,31]
[78,79,90]
[221,222,451,452,453,454,455,519,520,521,522,523,565,566,567,568,569,599,600,601,602,603]
[]
[6,7,8,9,10,11]
[18,19,20,21]
[5,110,111,112]
[158,159,160,161,162,163,164]
[41,42,43]
[11,12,13]
[1]
[]
[242,243,244,245,246,247,248,249,250]
[59,60,61,62,63]
[134,135,136,137,138,139,142,143,144,145,146,147,148,149]
[74,75,76,77,78,79,95,96,97,98,99,100]
[33,34,35,36,37]
[261,262,263,264,265,266,267,268,360,361,362,363,364,365,366,367]
[68,69,70,71,72]
[4,5,6,7,9,10,11,34,35,36,37,39,40,41,93,94,95,96]
[16,17,173,174,175,176,177,178,179,180]
[131,132]
[23,24,25]
[23,24,25]
[4,5,6,8,9,10,11]
[49,50,51,52,53]
[37,38,39,41,42,43,44,45,47,48,49,50,51]
[843,844,845,846,847,848,849,850,852,853,854,855]
[37,38,39,40,41,42,108,109,110,111,112,113]
[37,38,39,40,41,42,43,44,45]
[29,30,31,32,33,34,35,36,38,39,40,41]
[31,32,33,34,35]
[4,5,6,259,260,327,328,329,330,361,362]
[64,65,66,67,68,69,72,73,74,75,76,77]
[62,63,64,65,66,67,75]
[18,19,20,22,23,24,25,26,27,28]
[19,20,21,22,58,59,60,61,62,63,64,65]
[93,94,95,96,97,98,104,105,106,150,151,152,153,154,155,157,158,159]
[5,6,7,8]
[23,24,25,26,27]
[86,87,88,89,90,91,94,95,96,106]
[9,10]
[15,16,17,50,51,52,53,54,55,56,57,58,59]
[31,32,33,34,44,45,189,190,191,192,193]
[14,15,16,17,18,19,20,21]
[32,33,34,35,36,37]
[30,31,32,33,72,73,74,75,150,151,152,153]
[]
[84,85,86,87]
[162,163,164,165,166,167]
[12,13]
[2,3,14,15,16,18,20,21,22,24,25,26,27,28]
[103,104,105,106,107,108,109,110,111,114,115,116,117,118,119]
[19,20]
[12,154,155,156]
[4,5,6,7,8,137,138,142,143,144,146]
[]
[239,240,241,242]
[]
[35,36,37,38,39]
[5,6,7,8,9,21,22,23,24,25,26,27]
[47,48,49,50,51,52,139,140,141,142,143,144,282,283,284,285,286,287,288,289,367,368,369,370,371,372,373,374,375]
[12,13,14,15,130,131,132,133,134,135]
[30,31,32,33,34,35,41,42,43,44,45,46,47,48]
[58,59,60,61,62]
[]
[218,219,220,221,222,223]
[25,26,27,28,29]
[112,113,114,115,116,117,118,120,121,122,123]
[163,164,165,166,167,168]
[36,37,307,308,309,310,311]
[179,180,181]
[]
[15,16,17,18,20,21,22]
[457,458,459]
[90,91,92]
[14,15,16,17,19,20,21]
[38,39,40,51]
[45,46,47,48,49,50,51,52,82,83,84,85,86,87,88,89,90]
[22,23,24,25,26,103,104,105,106,107,108,122,123,124,125,126]
[19,20,21,22,23,24]
[6,7,8,9,10,11]
[13,14,15,16,17,18,63,64,65,66]
[60,61,62,64,65,66,67,68,71,72,73,75,76,77,78]
[102,103,104,105,106,107,108]
[8,9,10,11,12,13,14,15,16,17,18,19]
[54,55,56,57]
[35,36,38,39,40,41,42,44,45,46,47,48,51,52,53,54,57,58,59,60,61,63,64,65,66,67,68,69,70]
[39,40,41,51,52,53,54,55,56,57,58]
[]
[15,16,17,18,19,20]
[26,27,28,29,30,31]
[16,17,18,19,20,21]
[18,19,20,21,22]
[14,15,16,17,20,21,22,23,24]
[39,40]
[15,16,17,18,19,20,21,22,23,24]
[61,62,63,64,65]
[8,9,10,11,12]
[]
[99,100,101,102]
[390,391,392,393,394,395,490,491,492,493,494,495]
[25,26,27]
[52,53,54,55,56,57,58]
[20,21,22,23,24,25,26,27,230,231,232,233,234,235,236,237,238]
[16,17,18]
[222,223,224,225,226]
[265,266,267,268,269,270,295,296,297,485,486,487,488,489,490]
[125,126,127,128,129,130]
[28,29,30,31,32,33]
[135,136,137,138,139,140,157,158,159]
[93,94,95]
[14,15]
[67,68]
[11,31,32,33,34]
[973,974,975,985,986,987,988]
[13,14,15,16,17,26,27]
[9,10,11,12,13,14,15]
[282,283,284,624,625,626,627,628,630,631]
[7,8,9,10,11,12]
[206,207,208,209,210,211]
[33,34,35,36]
[14,15,16,17,18]
[10,11]
[209,210,211,212]
[12,13,14,15]
[11,12,13,14,15]
[9,10,11,12]
[5]
[7,8,9,10]
[29,30,31,32,33,34,35,36]
[11,12,13,14,15]
[116,117,118]
[]
[41,42,43,95,96,97,98,99,100]
[]
[22,23,24,25,26,27,28,29,31,32,33]
[118,119,120,121,122,123]
[35,36,37,38,39,40,41,42,111,112,113,114,115,116,117]
[4]
[140,141,142,143,144,145]
[138,139,140,141,151,152,153,154]
[110,111,112,113,115,116,117,118,119]
[]
[39,40,41,42]
[6,7,8,9,10,11,12,13,40,41,42,43,44,45]
[175,176,177,178]
[277,278,279,280,281,282]
[85,86,87,88,89,90,91,92,93]
[20,21,22,23,24,25,40,41,42]
[60,61,62,63,64,65]
[20]
[11,12,13,14,15,16,17,18,39,40,41,42,43,44]
[4,5,6,7,16,17,18,19]
[17]
[]
[35,36,48,49]
[381,382,383,384]
[116,117,118,119,120,121,177,178,179,180]
[64,65,66,67,68,69,70,71,72]
[23,24,25,26,85,86,87,88]
[13,14,15,16,17,18,19]
[22,23,24,25,26]
[]
[18,19,20,21,22]
[55,56,57,58,59,60]
[20,21,22,23,24,25,26,27,28]
[13,14,15,16,17,18]
[7,8,9]
[35,36,37,38,39,40]
[46,47,48,49,50]
[53,54,55,56]
[37,38,39,40,41,42,43,44]
[20,21,22]
[18,19,20,21,22]
[362,363,364,365,366,367,375,376,377,378,379,380]
[18,19,20]
[8,9,10,11,12,13,14,15,16,17]
[45,46,47,48,49,50,66,67,68,69,70,71,72,73]
[116,117,118,119,120,183,184,185]
[7,8,9,10,11,12,17,18,19,20,21,101,102,103]
[29,30,48,49,50,51,53,54,55,60,61,62,64,65,66]
[701,702,703,704,705]
[9,10,11,12,13,14]
[51,52,53,54,55,56]
[127,128,129,130,131]
[24,25,26,32,33,34,37,38,39,40,41,42,45,46,47,48,49,50,53,54,55,56,57]
[]
[196,197,198,199,200]
[167,168,169,170,171,172,173]
[65,66,67,68,69]
[11,12,13]
[13,14,15,16,17]
[27,28,29,30]
[8,9,10,11,13,14,16,17,18,19,104,105,106,107,108]
[18,19,20,21,96,97,98,99,100,101,102,103]
[77,78,79,80,210,211,212,213,215,216,217,218,219,220,221]
[]
[3,4,5,6,7]
[76,77,78,79,80,81]
[3,9,10,11,176,177,178,179]
[28,29,30,31,32,33]
[105,106,107,108,109,110,726,727,728,729]
[449,450,451,452,453]
[30,31,32,33,35,36,37,38]
[44,45,46,47,48]
[67,68,69,70,71,72,79,80,81,82,83,84]
[107,108,109,110,111,112,113,114]
[163,164,165,166,244,245,246]
[8,9,10,11,12,13,15,16,17,18]
[39,40,41,75,76,77,78]
[16,17,18,19,20,21]
[7,8,9]
[65,66,373,374,375,376,377,378]
[7,8,9,10,11,12,13,14,15]
[13,14,15,60,61,62,63,64]
[22,23,24,25,26]
[10,11,12,13,14,19,20,21,22,23,24,25,39,40,41,42,43]
[43,44,45,46,47,48]
[97,98,99,100]
[]
[35,36,37,38,39,40,41,42,43,44]
[12,13,14,15,26,27,28,29,30,31,32,33]
[12,13,14,15,16,17,19,20,77,78,79,80,81]
[249,250,251,252]
[23,24,25,26,27,28,29,30,31,32,34,35]
[14,15,16,17,18,19,26,27,35,36,38,39,40]
[56,57,64,65,66,76,77,78,79,81,82,89,90,91]
[131,132,133,134,135]
[18,19]
[191,192,193,194]
[4,13,17,19,20,21]
[140,141,142,143,144,145]
[33,44,45,46,47,48,54,55,56,57,58]
[319,320,321]
[335,336,337,338,339,614,615,616,617,618,619]
[]
[]
[51,52,53,54]
[51,52,53,54]
[99,100,101,102,103,104,105]
[33,34,35,36,60,61,62,63,64]
[11,12,13,20,21,22,23]
[71,72,73,74,75,76,78,79,80,81,82]
[]
[42,43,44,45,46,47]
[]
[58,59,60,61]
[34,35,36,37,38,39]
[28,29,30,31,32,33,48,49,50,51,52,53]
[5,6,7,8,128,129,130,131,132,133]
[21,22,23,24,25,26,48,49,50,51,52]
[141,142,143,144,145,146,177,178,179,180,181,182]
[23,24,25,26,27]
[264,265]
[11,12,13,15,16,17,18,19]
[189,190,191,228,229]
[56,67,68]
[54,55,56,57,59,60,61,63,64,65,67,68,69,70,71]
[569,570,571,572,573,574]
[103,104,105,106,107,108,109,110,111,121,122,123,124,125,126,127]
[25,26,31,32,34,35,35,37]
[333,334]
[63,64,76,77,78,79,80,81,82,83,84,85]
[150]
[]
[113,114,115,116,117,119,120,121,122,123,124,125,126]
[141,142,143,144,145,146,147]
[19,20,21,22,23,24]
[58,59,60,61,62,63]
[211,212,213,214,215]
[323,324,325]
[34]
[314,315,316,317,318,319,320,321]
[145,146,147,148,149,150]
[78,110,111,112,113,114,115,117,118,119,120,122,123,124,125,127,128,129,130,131]
[7,8,9,10]
[202,203,204,205,206,207,208,209,210]
[141,142,143,144,145,146]
[110,111,112,113,114,115,116,117,118,119,172,173,174,175]
[72,73,74,75,76,77,78]
[231,232,233,234,235,236,237,238,239]
[26,27,28,29,30,31]
[24,25]
[96,97,98,99,100,101]
[70,71,72,73,74,75]
[81,82,83,84,85,86]
[]
[]
[1]
[18,19,43,44,45,46,48,49,64,65,66,67]
[15,16,17,18,19,20]
[68,69,70,71,72,73]
[6]
[22,23,24,25,26,27,28,29,30]
[136,137,138]
[102,103,104,105,106]
[]
[70,71,72,73]
[41,42]
[18,19,20,21,22,23,34,36,37,38,62,63,64]
[9,10,11,12,25,26,27,28,29,30]
[17,612]
[49,50,51,52,53,54,117,118,119,120]
[207,208,209,210,211,243,244,245,246,247]
[10,11,12,14,15,16,17,18,19,20,21]
[27,28,29,30,31]
[2,37,38,39]
[9,10,11,12,13]
[10,11,12]
[29,30]
[23,24,25,26,27,28]
[405,406,407,408,409,410]
[48,49,50,51,52,53]
[16,17,18,19,20]
[]
[61,62,63,64,65]
[22,23,24,25,26]
[75,76,77,78]
[15,16,17,18,19,20]
[37,38,39]
[31,32,33,34,35,36,37]
[56,57,58,59]
[]
[5,6,7,8,9,10,44,45,46,47,48,49]
[16,17]
[13,14,15,16,17,18]
[258,259]
[34,35]
[26,27,28]
[19,20,21,28,29,30,31]
[51,52,53,54,55,56]
[22,23,24,25,26,27,28,29]
[8,9,10,11,12,125,126,127,128,129]
[96,97,98,99,100,101]
[5,6,7,13,14]
[310,311,312,313,314,315,316,317]
[4,5,6,7,8,9,10,11]
[72,73,74,75,76]
[10,11,12,13,14,15]
[0,1,2,3,4,5,7,8,9,10,11]
[19,20,21,22,23]
[]
[11,12,13,14,15,16]
[18,19,20,21]
[159,160,161,162]
[33,34,35,36,37,38,39,40,41]
[5,6,7,8,171,172,173,174,175,176,218,219,220,221,222,223,224,225]
[133,270,412]
[63,64,65,66,67,68,69,70,71]
[685,686,687,688,689,690,691,692]
[20,21,22,23,24]
[]
[]
[80,81,82,270,271,272,273,450,451,452,453,454,455,456,457,458]
[170,171]
[25,41,42,43,44]
[50,51,52,53,54,55,56,57,58,180,181,182,183,184,185,186,187]
[234,235,236,237,337,338,339,340,341,342]
[]
[60,61,62,63,64,65,66,67,68,71,72,73]
[10,11,12,13]
[5,6]
[30,31]
[172,173,174,175,176,177,178,179,180]
[16,17,18,19,20,21]
[4,5,6,7,9,10,11,12,13]
[526,527,528,529]
[35,36,37,125,126,127,203,204,205,206]
[27,28,29,30,31,32,33,34]
[18,19,20,21,22,23]
[129,130,131,132,133,226,227]
[220,221,222,223,224]
[20,21,22]
[19]
[9,10,11,20,21,22,23,24,26,27,29,30,31,32,33]
[5,6,7,8,9,10]
[32,33,34,35,36,76,77,78,104,105,106,107,108]
[319]
[16,17,18,19,20,21]
[63,64,65,66,67,68,69,70,71,170,171,172,173,174,175,176,177,179,180,181,182,183]
[74,75,76,77,78,80,81,82,83,84,85,86,88,89,90,91,92,93,94,95,96]
[173,174,175,176,177]
[309,310,311,312,313]
[138,139,140,141,142,207,208,209,210,211]
[30,31,32,33]
[16,17,18,19]
[]
[169,170,171,172]
[10,11,12,13,14]
[14,15,16,17,18,19]
[138,139,140,141,142,143,144,145,151,152,153,154,155,156,157]
[0,1,2,3,230,231,232,233]
[5,13,14,15]
[22,23,24,25,26,27]
[9,10,11,12,115,116,117,118,119,120]
[8,9,10,11,12]
[11,12,13,14,15,17,18,19,20,21,22,23,252,253,254,255,256,257,258]
[17,18,19,20,21,22,23,24,26,27,452,453,454,455]
[69,70,71,72,73]
[16,17,18,19]
[]
[21,22,23,24,25,26]
[255,256,257,258,282,283,284,285,286]
[10,11,12,13,14,15,16,40,41,42,43,44,45,46,47,48]
[210,211,212,213,214,215,216,217]
[306,307,308,309,310,311]
[117,118,119,120,121,122]
[12,13,14,15,16,17]
[28,29,30,31,32]
[37,38,39,40,41,42]
[8,9,10,11,12]
[70,71,72,73,74,75,76,77]
[80,81,82,83,84,85]
[13,14,60,61,62,63,64,65]
[15,16,17,18,119,120,121,123,124]
[5,6,7,8,9,10,124,125,126,127,128,129]
[]
[40,41,42,122,123]
[145,146,147,148,149,150]
[]
[21,22,23,24,25,26,27,28,29]
[162,163,164]
[100,101,102,103,104,105]
[6,17,18,19,21]
[19,20,21,22,24,25,26,92,93,94,95,96,97,98,99]
[44,45,46]
[310,311,312,313,314,315,694,695,696,697,698,699,984,985,986,987,988,989,990,991,992]
[22,23,24,25,26,27]
[54,55,56,57,58]
[606,607,608,609,610,611]
[58,59,60,61]
[119,120,121,131,132,133,134,135,136,137,138,139,145,146,147,148]
[19,20,21,22,69,70,71,72,73,74,75]
[36,37,38,39,40,41,42,43,44,190,191,192,193,194,195]
[142,143,144,145,146,147]
[]
[5,6,7]
[9]
[]
[]
[]
[311,312,313,314,317,318,319,320,323,324,325,326]
[8,9,10,11,12,14,15,16,17,18,19]
[99,100,101,102]
[11,12,13,14,15,16,17,20,21,22,23,26,27,28,29,30,31]
[150,151,152,153,154,189,190,191]
[]
[237,238,239,240,241,242]
[3,92,93,94,95,96,97]
[112,113]
[148,149,150]
[13,14,15,16,17,18]
[10,11,12,14,15,16,17]
[3]
[14,15,16,17,18,19]
[10]
[]
[85,86,87,88,90,91,92,93,94,95,96,97]
[77,78,79,80,81,82]
[141,142,143,144,145,146]
[7,8,9,10]
[45,46,47,48,49,50,51,52,53]
[]
[7,8,9,10]
[176,177,178,179,180,181]
[133,134,135,145,146,148,149,150,151,152]
[25,26,27,28,29,30,31]
[10,11,12,13,14,16,17,19,20,21,23,24,25,27,28,29,30,205,206,207]
[9,10,31,32]
[30,31,32,33,34,35,291,292,293,294,295,296,297,298,299]
[5,6,7,8,9,10,11]
[10,11,12,13]
[8,9,10,11,12]
[86,87,94,95,96]
[22,23,24]
[132,133,134,135]
[10,11,12,13,14,15]
[2,3,4,5,7,8,9,10,12,13,14,19,20,21,22]
[13,14,15,16,17,18,19,20,21,22]
[63,64,65,66,67]
[41,42,43,44,45,46]
[73,74,75,76,77,133,134,135,136,137,138,141,142,143,149,150,163,164,165,166,176,177,178,179]
[50,51,52,53]
[59,60,61,62,63,64,66,67,68]
[312,313,314,315,316,317]
[44,45,46,47,48,49,66,67,68,69,70,71]
[5,6,7]
[20,21,22,23,24,25,63,64,65,66,67,68,69,70,71]
[31,32,33,34,74,75,76,77,172,173,174,175,176,177]
[26,27,28,30,31,32]
[40,41,42,43,44,45]
[12,13,14,15,16,17,18,21,22,23]
[54,55,60,61,62,63,64]
[46,47,48,49,50,51,52]
[32,33,34]
[9,10,11,12,13,14,15,16,17,18]
[305,306,307,308,309]
[8,9,10,11,12,13,17,18,19,20,21,22]
[13,14,15,16,17,18,32,33,34,35,36,37]
[]
[14,15,16,17,18,19]
[22,23,24,25,26,27,28]
[25,26,27,28]
[18,19,20,21,22]
[12,13,14,15,21,22,24,25,26,27,28,29,30]
[8,9,10,11]
[]
[42,43,44,45,46]
[25,26,27,28,29,31,32,33,34,35,36,37]
[40,41,42,43,44]
[18,19,20,21,23,24,25,26,27]
[198,199,200,201,202]
[35,36,37,61,62,63,64,65,66]
[62,63,64,65,72,73,74,75,76]
[26,27,28,29,30,31,33,34,35,36,37,38,39,40,50,51,52,53,54,55,56,57]
[0,1,9,10,11,12,14,15,16,17,34,35,36,37,38,39,40]
[137,138,140,141]
[11,12,14,15]
[17,18]
[27,28,29,30,31,32]
[]
[]
[31,32,33,70,71,72]
[122,123,124,125,126,127,208,209,210,211,212,213]
[15,16,17,18,19]
[48,49,50,51,52,53,54,55,162,163,164,165,166]
[4,87,88,89,90,91,92,93,94,95]
[10,11,12,13,14,15,16]
[109,110,111,112,113,114]
[78,79,80,81]
[9,10,11,12,13,36,37,38,39,40,41,42,43,44]
[34,35,36,37,38,39]
[17,18,19,20,21]
[]
[217,218,219,220,221]
[]
[62,63,64,65,66,67]
[68,69,70,71,72,73]
[475,476,477,478,479]
[2]
[167,168,169,170,171,172]
[14,15,16,17,18]
[103,104,105,106,108,109,110,111,112,113,114,116,117,118,119]
[217,218,219,220,221,222,223]
[75]
[205,206,207,208,209]
[19,20,21,22,23,24,25,26]
[63,64,65,195,196,197,198,199,200,201,202,203]
[4,5,6,7,8]
[]
[]
[16,17,65,66]
[11,12,13,14,20,21]
[108,109,110,111,112,113,115,116,117,118,119,120,121]
[8,9,10,11,12]
[151,152,153,154,155,278,279,280,281,282,283]
[14,15,16,17,18]
[7,8,9,10,11,12,13,14]
[135,136,137,138,339,340,341,342,343,344]
[5,6,7,8]
[]
[240,241,242,243,244,245]
[129,130,131,132,133,134,135,136,137,139,140,141,142,143,144]
[61,62,63,64]
[938,939,940,941,943,944,945,946]
[143,144,145,146,147,148]
[]
[51,52,53,54,55,376,377,378,379,380,381,382,383,384]
[40,41,132,133,134]
[22,23,24,25,26,27,28,29,30]
[13,14,15,16]
[]
[41,42,43,44,45,46]
[33,34,35,36,37,38]
[]
[127,128,129]
[32,33,34,35,37,38,39,40,41,43,44,46,47,48,49,50]
[3,4,5,6,7]
[106,107,108,109,110,111,112,113,114]
[12,13,14,15,16,17,71,72,73,74,75,76]
[23,24,25,26,27,28]
[166,167,168,169,170,171]
[6,7,8,9,10,12,13,14,15,16,73,74,75,76,78,79]
[148,149,150,151]
[4,5,6,7,16,17,18,19,20,21,22,23]
[]
[232,233,234,235,236,237,238,239,240]
[200,201,202,203,204]
[24,25,26,27,28]
[8,9,10,11]
[189,190,191,192,193,194]
[428,429,430,431,432,433]
[11,12,13,14,15,23,24,25,26,27]
[104,105,106,107,108,109]
[0,1,2,3,4,5,6,7]
[10,11,12]
[241,242,243,244,246,247,248,249,250,251]
[8,9,10]
[25,26,27,28]
[30,31,32,33,35,36]
[]
[38,39,40,41,42,43]
[60]
[94,95,96,261,262,263,264,265,266]
[230,231,232,233,234,235,236]
[13,14,15,16,18,19,36,37,38,39]
[32,33,34,35,37,38,39,40,42,43,44]
[49,50,51,52,54,55,56,57,59,60,61,62,63,64,188,189,190,191,192,243]
[31,32,33,34,35,72,73,74,75,76]
[38,39,40,41]
[2]
[16,17,18,19,20]
[31,32,33,50,51,52,53,54]
[96,97,98,99,100,101]
[29,30,31,32,33,34]
[67,68,69,70,71,72,73]
[8,9,10,11]
[4,5,6,7,8]
[23,24,25,26,27]
[98]
[293,294,373,374,375,376]
[12,19,20,21]
[12,13,14,15,16,47,48,49]
[]
[115,116,117,118,119,125,126,127]
[185,186,187,188,189,190,191,192]
[369,370,371,372,373,378,379,380,381,382,383,384,385,386,387]
[61,62,63,64,253,254,255,256,257,258]
[122,123,124,222]
[217,218,219,220,221,222]
[32,33,34,35,41,42,43]
[248,249,250,251,252,253]
[81,82,83,84,85,86]
[4]
[]
[39,87,88,89,90,91,92,93]
[31,32,33,34,35,36,37,38]
[105,124,125,168]
[70,71,72,73,74,75]
[45,46,47,48,49,50,51,52]
[24,25,26,27,28,29,30,31,78,79,80,81,82]
[18,19,20,21,22,23]
[196,197,198,199,200]
[52,53,54,55]
[]
[25,26,27]
[51,52,53,54,55,56]
[157,158,159,171,172,173,174,175,176,177]
[94,95,96,97,98,99,100,101,102]
[186,187,188]
[20,21,22,23,25,26]
[39,40,41,42,43,44,45,46,47]
[45,46,47,48,49,50]
[4,5,6,7,8]
[58,59,60]
[24]
[133,134,135,136,137,138]
[10,11,12,13,14,15]
[184,185,186,187,188,189,228,229,230,231]
[36,37]
[22,23,24,25,26,27]
[3,4,5,6,7,8]
[39,40,41,42,43,44]
[61,62,63,64,65,66,67,68,74,75,76,77,78,79,155,156,157,158,159,160]
[73,74,75,76,77,78,106,107,108,109,110,111,158,159,160,161,162,163,164,165,166,330,331,332,333,334,335]
[51,52,53,54,55]
[15,16,17,18,19,20]
[29]
[170,171]
[186,187,188,189,190]
[106,107,108,109,110,111,112,126,127,128,129,130]
[111,112,113,114,115,116]
[20,21,22,23,24]
[30,31,32,33,52,53,54,55,56,57,58,59,61,62,63]
[380,381,382,383,384]
[8,9,10,11,12,54,55,56,57,58,59,102,168,168,170,171,172]
[340,341,342,343,344,458,459,460,461,462]
[8,9,10,11,12,13,14]
[]
[177,178,179,180,181,182,183,184,185,186]
[43,44,45,46,47]
[44,45,46,47]
[14,15,16,17,18,19]
[4,5,6,7,8,9]
[]
[172,173,174,175,176,187,234]
[21,22,23,24,25,26,46,47,48,49,50,51,52,53]
[7,8,9,10,11,12,13,14,15,16]
[1]
[24,25,26,103,104,105,106,107,108,109,110,111]
[161,162,163]
[48,49,50,51]
[182,183,184,185,186,187]
[117,118,119,120,121,122]
[20,21,22,23,24]
[131,132,133,134]
[32,33,34,35,36,37,38,39,40]
[4]
[55,56,57,58,59,60]
[59,60,61,62]
[25,26,27,28,29,30]
[235,236,237,238,239]
[0,1,2,3,4,5,6,7,53,54,55,56,57,58,59,60,210,211,212,213,214]
[5,6,7,8,11,12,15,16,17,18]
[110,111,112,113,114,115,116,117,118]
[137,138,139,140,141]
[9,10,11]
[8,9,10,11]
[19,20,21,22]
[15,16,17,18]
[29,30,31,32]
[31,32,33,34,35]
[16]
[18,19,20,21]
[24,25,26,27,28,29]
[11,12,13,48]
[5,6,7,8,10,11,12,13]
[16,17,18,19,20,21,22,23]
[8,9,10,11,12]
[18,19,20,64,65,66,67]
[13,14,15,16,18,19,20,22,23,24,25,26,27,28]
[39,40,41,42,43,44]
[257,258,259,260,261,262]
[79,80,81,82,83]
[16,17,18,19,20]
[7,8,9,10]
[9,10,11,12,13,14,17,18,19,20,21,22,23,62,63,64,65]
[]
[19,20,21,22]
[154,155,156,157,158,159,161,162,163,164]
[79,80,81,82,83,84,85]
[]
[24,121,121,121,124]
[17,18,19,20,21,22,23,24,26,27]
[]
[6,7,8,9,10,67,68,69,70,71,72,73,74,75]
[34,35,36]
[17,18,19,20,21,22,119,120,121,122,123,124,125,182,183,184,185,186,188,189,190,191,192]
[94,95,96,97,98]
[219,220,221,222,223]
[40,41,42,43,547,548,549,550,551,552]
[12,13,14,15,16,17,82,83,84,85,94,95,96,97]
[110,111,112,113,115,116,117,137,138,139,140]
[109,110,111,112]
[15,16,26]
[]
[129,130,131,132,133]
[15,16,17,18,19,20]
[]
[85,86,87,88,89]
[184,185,186,187]
[99,100,101,102,103,104,105,180,181,182,183,184,185]
[41,42,43,44,45,46,47,48,49,50,187,188,189,190,191]
[48,49,50,56,57,58,59,60,62,63]
[71,72,73,74,75,76,77,78,80,81,82,83,84]
[]
[68,69,70,71,72,73,74,75,76]
[43,196,196]
[39,40,41,42,43,44]
[]
[84,85,86,87,88]
[20,21,22,23,24,25,26,27,28,30,31,32,33,34,178,179,180,181,182,183]
[31,32,33,34,35]
[171,172,173,174,175]
[25,26,27,28,29,30,31,32,33,142,143]
[82,83]
[36,37,38,39,40,41,43,44,45,46]
[7,8,9,10,11]
[94,95,96,97,131,132]
[234,235,236,237,238,239]
[58,59,60,61]
[116,117,118]
[]
[]
[9,10,11,19,20,21,22,23,24,48,49,160,161,165,166,246,247,248,249,250,251,252]
[237,238,239,240,241,242]
[19,20,21,22,23,37,38]
[]
[152,153,154,155,156,157]
[48,49,50,51]
[81,82,83,84,85,86,87,88,89]
[35,36,37,38,39,40,41,42,91,92,93,94,95,96]
[35,36,37,38,39,40,41]
[227,228,229,230]
[19,20,21,22,23,24]
[40,41,42,43,44,45]
[165,166]
[3,4,5,6,7,8]
[23,24,25,26]
[10,11,12,13,133,134,135,136,177,178,179,180,181]
[]
[]
[9,10,11,12,13,14,15,16]
[9,10]
[32,33,34,35,36,37,39,40,41,42,43,44,46,47,48,50,51,52,53,54,55,56]
[76,77,78,79,80,81,82,83,84,85,91,92,93,94,95]
[112,113,114,115,116,117]
[27,28,29,30,31,169,170,171,172,173,174,175,176,177]
[175,176,177,184,185,186,187,188,189]
[419,420,421,422,423]
[73,74,75,76,77,78,79]
[29]
[93,94,95,96,97]
[79,80]
[123,124,125]
[84,85,86,87,88,89]
[6,7,8,19,20,21,22,23,24,25,26]
[21,22,23,24,25]
[7,8,9,11,12,13,82,83,84,85,86,87,88,89,162,163,164,165]
[1]
[45,46,47,48,49,50,66,67,68,69,70,71]
[442,443,444,445,446,447]
[45,46,47,48]
[10,11,12,13,14]
[18,19]
[20,21,22,23,24,54,55,56,57,58,59,60,61,62,63]
[130,131,132,134,135,136,137,138,140,141,142,143]
[124,125,126,127,128,129,130,131,133,134,135,136,137,138]
[116,117,118]
[51,52,53]
[8,9,10,11,12]
[24,25,26]
[446,447,448,449]
[19,20,21,22,23,24,25,26,34,35,36,37,38]
[]
[6,7,8,9,10,11,13,14,15,16,17,18,19,20,21]
[14,15,16,17,18,19,20,21,24,25]
[68,69,70]
[0,1,2,3,4,5,56,57,58,59]
[8,9,10,11,12,13,14,15,16,27,28,29,30,31,32,33,227,228,229,230]
[168,169,170,171,172,173,174,175]
[4,5,6,7,8,9,10,11]
[15,16,17,18,19]
[32,87,88,89,346,347,348,349,350]
[171,172,173,174,175,176]
[48,49,50,51,52,53,55,56,57,58,59,60,61]
[136,137,138,139,157,158,159,160,161,162]
[]
[56,57,58,59,60,61,62,63,64,65]
[10,11,12,36,37,38,39,40]
[22,977,978,979,980,981,982,983,984,985,986,988]
[74,75,76,77,78]
[24,25,26,27,28,29]
[24,25,26,27,80,81,82,83]
[18,19]
[5,6,7,8,34,35,36,43,44,45,46,47,48,49,50,51]
[28,29,30,31,32]
[31,32,33,34,35,36,37,38,39,295,296,297,298,299,300]
[12,13,14,15,16,17]
[9,101,102]
[11,12,21,22,23,24,210,211,212,213,214,215,216,217,218,229,230,231,232,233,234,235]
[95,96,97,98,99,100]
[150,151,152,153,154,179,180,181,182,183,184,185]
[29,30,31,32,33,34]
[87,88,89,90,91,92,93,94,106,107,108,109,110]
[5,6,8,9,10,11,13,14,15,16,17,18]
[10,11]
[4,5,6,7,9,10,26,27,28,29,30,31,32,33,35,36,37,44,45,46,47,48]
[13,14,21,22]
[97,98,99,100,101]
[7,8,9,10,11]
[19,20,21,22,23,24]
[]
[41,42,43,44,45,57,58]
[30,31,32,33,34,35,36,37,38]
[10,11,12,82,83,84]
[4,5,6,7,8,9,10,11]
[77,78,79,80,81,86,87,88,89,99,100,101]
[293,294,295,296]
[100,101,102,103,104,105,161,162,163,164,165,166,167,168,169]
[64,65,66,67,68,69,70]
[]
[8,9,10,11,12]
[15,16,17]
[29,30,31,32,33,34,71,72,73,77,78,79]
[30,31,56]
[300,301,302,303,304,305]
[7,8,9,10,11]
[8,9,10,11,12,13]
[70]
[119,120,121]
[]
[129,130,131,132,133,134,135]
[15,16,17,18,19]
[46,47,54,55,56,57,58,59,60,66,67,68,69,70,221,222,223,224,225,226,227]
[26,27,28,29,30]
[]
[19,20,21,22,23,24]
[19,20,21,22,23,24,35,36,37,38,39,41,42,43,44,45]
[28,29,30,31,32,97,98,99,100,101]
[19,20,21]
[36,37,38,39,40,41,42,98,99,100,101,102]
[15,16,17,18,19]
[9,10,11,12,13,58,59,60,61,62,63,64,65,66]
[25,26,28,29,30,32,33,34,35,36,37,38,40,41,42,44,45,46,47,49,50,52,53,54,55,56,58,59,60,61,62,63]
[225,226,227,370,371,372,373]
[8,9,62,63,64,65,66,67,68,69,70]
[17,18,19,21,22,23]
[30,31]
[155,156,157,158,159,160,161,162]
[171,172,173,174]
[2,3,219,220,221,222,223,224]
[117,118,119,120,121,122]
[12,13,14,15,17,18,19]
[263,264,265]
[54,55,56,57,58,111,112,113,114,115]
[30,31,32,33,34]
[54,55,56,57,58,59,60,61,62,63]
[28,29,30,31,47,48,49,50,51]
[158,159,160,161,162,163,194,195,196,197,198,199]
[6,7,8,9,10,11]
[115,116,117,118,119,120]
[75,76,77,78,79,80,211,212,213]
[9,11,12,13,22,68,69,70,71,72,73,74]
[]
[55,56,57,58]
[6,7,8,9]
[26,27,28,29,30]
[16]
[17,18,19,20,21]
[102,103,104,105,106,107,109,110,111,112]
[]
[49,50,51]
[9,10,11,12,13,14,15,16,17,18]
[8,9,10,11,12,292,293,294,295]
[17,18,19,20,21,24]
[]
[98,98,100,117,118,119,223,224,225,226,227,228,229,230,231]
[79,80,81,82,83,84,85,86]
[]
[1]
[3,4,5,6,7,8,22,23,24,25,27,28]
[25,26,27,28]
[57,67,80,81,82,83,84]
[10,11,12,13,14,15]
[10,11,12,13,14,15,16,17]
[12]
[36,37,39,40,41]
[9,10,11,12,13,14]
[173,174,175,176,177]
[14,15,72,73,74,75,76,89,90,91,92,93,94,95]
[6,7,8,9,10,12,13,14,15,28,29,30,32,33,34,35,36]
[3,4,5,6,16,17,18,20,21,22,23,25,26,27,28,41,42,43]
[10,11,12,13,17,18,19,142,143,144,145,146,147,148,149]
[40,41,42]
[41,42,43,44,45,46]
[7,9,10,10,10,15,28,29,30,31,33,34,35]
[4,5,6,7,8,9,122,123,124,125,126]
[]
[0,1,2,3,4,5,7,8,9]
[18,19,20,21]
[29,30,31,32,33,34,35,36]
[21,22,23,24]
[15,16,17,18,19,21,22,50,51,52,53,74,75]
[348,349,350,351]
[78,79]
[4]
[61,62,63,64,65]
[12,13,14,15,16,17]
[11,12,13,25,26,27,46,47,48,49]
[8,9,10,11,12]
[66,67,68,69,70,71]
[30,31,701,702,703,704,705]
[141,142,143,144,145,146,147,148,149,150,160,161,162,163]
[]
[9,10,11,12,13,14,15,16,17,19,20,21,22,23,24]
[67]
[11,12,13,14,15,478]
[30,31,32,33,34,35,57,58,59,60,61,62,63,64]
[146,147,148,149,150,151,282,283,284,285,286,287]
[5,6,7,29,30,31]
[13,14,15,16]
[20,21,22,23,24,25,26,27,28,29,40,41,42,43,44,45,46,47,48,49,55,56,57,58,59,60]
[181,182,183,184,185,186]
[55,56,57,58,59,60,61,62,63,64,89,90,91,92,93,94,95,96,101,102,103,104,224,225,226,227]
[14,15,16,17,18,19]
[2]
[251,252,253,254,255,256,257,258,259,382,383,384,385,386,387,388,389,390]
[469,470,471,472,473,474,475,476]
[21,22,23,24,25,26,27,28,698,699,700,701,702]
[12,13,14,15,16,17]
[125,126,127,128]
[12,13,14,15,16,17]
[61,62,63,64,65,66,67,68,70,71,72,73,74,75,76]
[11,12,13,14,15,69,70,71,72,73]
[24,25,26,27,28,29,36,37,38,39,40]
[11,12,13,14,24,25,26,27,269,270,271,281,282,283,284,286,287,536,537,538,539,540]
[23,24,25,26,28,29,30,31]
[2]
[77,78,79,80,81,82,83,105,106,107,108,109,110,111]
[42,43,44,45,46,47,48]
[11,12,13,14,15]
[12,13,14,15,16]
[55]
[8,9,10,11,12,13,14,15,16,17,48,49,50,51,52,53,54,55,56,57]
[39,40,41,42,43,92,93,94]
[30,31,33,34,35,36,37,39,40]
[11,12,13]
[43,44,45,46,47,48,49,95,96,97,98,99,100]
[284,285,286,287,288,289,290,291]
[25,26,27,28,29,30]
[99,100,101,102,141,142,143,144]
[548,549,550,552,553,554]
[179,180,181,182,329,330]
[523,524,525,526,527,528,529,530]
[34,35,36,37]
[248,249,250,251,252,253]
[23,24,25,26,27,28,29,30,31,81,82,83,84,85,87,88,89,90,91]
[12,13,14]
[62,63,64,65,66,93,94,95,96,97]
[10,11,12,13,42,43,44,46,47]
[46,47,48,49,119,120,121,122,123]
[167]
[16,17,18,19,20,22,23,24,25,26,27]
[12,13,14,15,16]
[4,5,6,7,8,9,10,11,17,18,19]
[78,79,80,81,82,83,85,86,87,88,89,90,91,92,93]
[452,453,454,455,456,457,458,459,460]
[69,70,71,73,74,75,77,78,79,80,81,82,88,89,90,91,92,94,95]
[275,276]
[148,149,150]
[33,34,35,36,37,38,39,449,450,451,452,453]
[39,40]
[98,99,100,101]
[163,164,165,166,167]
[]
[87,88,89,90]
[]
[59,60,61,62,65,66,67,68,69,72,73,74,75,83,84,85,94,95,96,106,107,108,109,110,111,112,113,114,115,118,119,130,131,132]
[36,37,38]
[5,6,7,9,10,11,281,282,283]
[4,68,69,70,71]
[]
[130,131,132,133,134]
[292,293,294,295,364,365,366,367,368,369]
[230,231,232,233,234,235,279,280,281,282,283,284,285]
[44,45,46]
[373,374,375,376,377,378,379,380,381]
[13,14,15,16,19,20,21,22,23,31,32,33,34,36,37,38,39,40,41,42,104,105,106,107,108]
[277,278,279,280,281,282,283,411,412,413,414,415]
[141,142,143,144,145,146]
[360,361,362,363,364,365]
[14,15,16,17,18,19,20,21]
[16,17,18,19,20]
[26,27,28,29,30,31,33,34,35,36,37,38,44,45,46,47,48]
[11,12,13]
[140,141,142,143,144,145]
[120,121,122,123,124,125,126,127,491,492,493,494,495,496,497,498,513,514,515,516,517,518,519,520]
[]
[10,11,12,13,14]
[135,136,137,138,139,140]
[17,17]
[40,41]
[30,31,32,33,34,35]
[22,23,24,25,26]
[119,120,121,122,123]
[40,41,75,76,77,78,79]
[11,12,13,14]
[95,96,97]
[492,493,494,496,497,498,499]
[35,36,37,38,39,40,41]
[68,69,70,71,381,382,383,384,385]
[50,51,52,53]
[9,12,180,181,182,183,184,185,186]
[15,86,87,88,89,90,91,92,124,125]
[15,16,17,18,19,20,161,162,163,164,165,166,167,168]
[15,16]
[12,13,14,15,16,17,18,19]
[]
[111,112]
[551]
[95,96,97,98,99,100]
[108,109,110,240,241,242,243,244]
[39,40,41,42,43]
[10,11,12,13,14]
[70,71,72,73,74]
[397,398,399,400,401,402,419,420]
[150,151]
[53,54,55,56]
[77,78,79,80,81,82,83,84,85,212,213,214,215,216]
[69,70,71]
[18,19,20,21,22,23]
[13,14,15,16,17,18]
[62,63,212,213]
[61,62,63,64,131,132]
[]
[]
[28,29,29,31,32,51,52,52,52]
[52,53,54,55,56]
[19,20]
[43,44,45,46,47,48,49,50]
[]
[238,239,240,241,242]
[3,4,5,6,7,8]
[91,93,95,96,97,98,100,101,102,103,104,105,107,108,109,111,112,113,114,122,148]
[31,32,33,34,35,36]
[59,60,61,62,64,65,66]
[73,74,75,77,78,79,80,81,83,84,85]
[7,8,9,10,11,12,13]
[]
[35,36,165]
[9,10,11,12,55,56,57,58,59,60,61,70,71,72,73]
[66,67,68,69,70]
[308,309,310,416,417,418]
[40,41,42,284,285,286,287,288,289]
[73,74,75,76,77,112,113,114,115,116,180,181,182,183,184]
[134,231,232,233,234,235,236,237]
[3,4,5,7,8,9,10,11,12,13,231,232,233,234,235,236,237,426,427]
[147,148,149,150,151]
[11,12,13,14]
[35,36,37,38,39]
[21,22,23,24,116,117,118,119]
[19,20,21]
[8,9,10,11,12,13,232,233,234,235,236,237]
[50,51,52,62,63,64]
[4,5,6,7,36,37,38,39]
[381,382,383]
[22,23,24,25,26]
[24,25,26,27]
[8,9,10,11,12,13,14,15]
[29,30,31,32,33,34,35,233,234,235,236]
[39,40,41,42,43,44,45,46,47]
[56,57,58,59,60,61]
[16,17,18,19,33,34,35,36,37]
[24]
[99,100,101,102,103,104]
[5,6,7,76]
[]
[5,6,7,8,9,22,23,24,25,26]
[121,122,123,124,125]
[96,97,98,99,226,227,228,229,280,281,282,283,284,285,286,287,288]
[48,49,50,309,310,311,312,313,314]
[85,86,87,88,89,90]
[121,122,134,135,136,137,273,274,275]
[173,174,201]
[220,221,222,223,224,225,226,228,229,230]
[40,41,42,43,45,46,48,49,50,51,52,54,55,56]
[36,37,105,106,107,108]
[169,170,171,172,173]
[4,5,6,7,8,9]
[9,10,11,12,13]
[115,116,117,118,119,120,202,203,204,205,206]
[10,11,12,13,14,15,16,17,18]
[189,190,191,192,193,194,195,197,198,199,200,201,202,211,212,213,214,215,216,217]
[281,282,283,284]
[4,5,6,7,8,9,249,250,251,252]
[49,50,51,52,53,54]
[30,31,32,33]
[82,83,84,85,86,87,88,89,113,114,115,157,158,159,160,161,162,163,164]
[112,113,114,115,116]
[280,281,282,283,284,285,538,539,540,541,542,543,544]
[50,51,52,53,54,55,173,174,175,176,177,178]
[26,27,28,146,147,148]
[30,31,32,55,56,57,58,59,60]
[29,39,41,42,43,44,45,46,122,123,124,196,197,198]
[33,229,229,231,232,250,251,251,251,254,255,256]
[261,262,263,264,265,266]
[28,29,30,31,32,33,34,35,37,38,39,41,42,43,44,45,46,47,48,49,50]
[88,89,90,91,92,93,465,466,467,468,469,470,471,472,473,474]
[215,216,217,218,219,220]
[808,809,810,811,812,813]
[73,74,75,220,221,222,223,236,237,238,239,240,241,242]
[19,20,21,22,23,25,26,27,130,131,132,133]
[79,80,81,82,83]
[8,9,10,18,19]
[15,16,17]
[81,82,83,84,85,86]
[9,10,11,12]
[41,42,43,44,45,46,47,48,49]
[62,63,64,65,66,67,68,70,71,72,73,74]
[14,15,16,17,18]
[54]
[52,53,54,55,60,61,62,63,64,65,66,335,336,337,338,339,340,341]
[34,35,36,37,38,39,40,41,42]
[11,12]
[59,60]
[96,97,98,99,100,104,105,106,107]
[20,21,22,23,24,25]
[]
[55,56,57,58,59,60]
[10,11,12,13,14,15,16,17,18]
[9]
[27,28,29,30,31,32,82,83,84,85]
[61,62,63]
[20,21,22,23]
[8,9,11,12,13,14,15,16,17,18]
[31,32,33,34,35]
[489,490,491,492,493,494,495]
[30,31,32,33,34,382,383,384,385,386,387,394,395,396]
[7,8,9,10,11,13,14,15,16,17,18,19]
[196,197,198,199]
[28,29,30,31]
[19,20,21,22]
[29,30,31,32,33,34]
[61,62,63,64,65,66]
[5,6,7,8,14,15,16,17]
[541,542]
[26,27,28,29,30]
[101,102,103,104,105]
[12,105,106,107,108,109,114,115,116,117,118,119,120]
[47,48,49,50,51]
[31,32,33,34]
[107,108,109,110,111,162,163,164]
[49,50,51,52,53,54]
[312,313,314,315,316,317,318,319,320,321,328,329,330,718,719,720,721,722,723,724,725]
[]
[]
[64,65,66,67,68,69,70,71,73]
[14,15,16,17,18,19,20,21,23,24,25,26,27,64,65,66,67,68,69]
[25,26,28,29]
[12,13,14,15,16]
[]
[]
[7,8,96]
[55,56]
[106,107,108,109,110,111,146,147,148,149,150,151]
[286,287,288,289,290,291,292,293,294]
[5,6,7,8,9,10,12,13,14,15,118,119,120,121,122]
[40,41,42,43,44,45,46,47,49,50,51,52,53,144,145,146,147,148,149,150,151]
[25,26,27,38,39,40,41,42,43,44,47,48]
[66,67,68]
[57,58,59,60,61,62,63,64,66,67,68,69,70]
[59,60,61,62,63,64,65,66,67]
[79,80,81,82,83,84]
[20,21,22,23,24,25,26,27,58,59,60,61]
[362,363,364,365,366,367,368,369,370]
[]
[31,32,33,34,35,36,37,38,39]
[69,70]
[46,47,48,49,51,52,53,54,56,57,58,59,60,61,62]
[201,202,203,204,205]
[12,13,14,15,16,17,18]
[67,68,69,70,71,109,110,111,112,113,114,115,116]
[8,9,10,11,12,13,14,15,16,113,114,115,116,117]
[10,11,12,110,111]
[14,15,16]
[7,8,9]
[6,7,8]
[59,60,192,193,194,195]
[52,53,54,55,56,57,191,192,193,194,195,196,207,208,209,210,211,212]
[89,90,91,92,93,94,96,97,98,99,100,101,102,103,104]
[271,272,273,274,275,276,277]
[1,113,114,115,116,117,118,119,120,122,123,124]
[8,9,10,11,12]
[10,11,12,13,14]
[301,302,303,304]
[145,146,147,148]
[11,12,13,14,15,16,40,41,42,43,44,45]
[8,9,10,11,176,177,178,179,180,181,182]
[10,11,12]
[55,56,57,58,72,73,74,75]
[]
[49,50,51,52]
[13,14,15,16,17,18,19,20,21]
[100,101,102,103,104,105,107,108,109]
[409,410,411,412,413,414,415,416]
[15]
[65,66,67,68,69,70,71,72,73]
[88,89,90,91,92,93,111,112,113,114,115,116]
[33,34,35,36,37]
[17,18,19,20,21,22]
[]
[]
[6,7,8,10,11,12,13]
[20,21,22,23,24,25,26,27,28,45,46]
[320,321,322,323,324]
[21,22,23,24,25,72,73,74,75,76]
[54,55,56,57,58,59]
[8,9,10,11,12,14,15]
[4,5,6,7,8,259,260,261,262,263,265,266,267,268,269]
[12,13,14,15,16,17,94,95,96,97,98,99,100,101,102]
[139,140,141,142,270,271,281,282,283,284,285,286,287]
[11,12,13,14,15,16,17,19,20,21,22,23]
[13,14,15,16,18,19,20,21,22,23,24,25]
[16,17,18,19]
[64,65,419,420,421,422,451,452,453]
[40]
[17]
[]
[12,13,14,15,16,17,18,19]
[224,225,226,227,229,230,231,232,233]
[]
[204,205,206]
[91,92,93,94,95,96]
[51,52,53,54,80,81,82,83]
[2]
[11,12,13,14,15]
[12,13,14,15,16]
[21,22]
[46]
[56,57,58,59,60,61]
[26,27,28,29,30,31,32,33,41,42,43,44,45]
[44,45,46,47,48,49]
[22,23,24,25]
[]
[15,16,17,18,19,195,196,205,206,207,208,209,211,212,214,215,216,217,218,219,220]
[8,9,10,12,13,14,15,16,17,19,20,21,22,23,24]
[41,42,43,44,45,46,73,74,75,76,77,78,79,80,81]
[7,8,9,10,11,12,13,14,15]
[115]
[40]
[39,40,41,42,43,44]
[11,12,13,14,15,16]
[42,43,44,45,46,47,48]
[8,9,10,11,13,14,15]
[21,22,23,24,25,26,27]
[4,5,7,8,9,10,11,12]
[184,185,186,187,188,189,190]
[15,16,17,18,19]
[4,5,6,7,26]
[24,25,26,27,28,29,39,40,41,42,43,44]
[641,642,643,644,645]
[32,33,34,60,61,143,144,145,187]
[560,561,562,563,564]
[29,30,31]
[13,14,15,16,17]
[51,52,53,54,55]
[21,22,23,24,25,26]
[57,58,59,60,61]
[]
[107,108,109,110]
[142,143,144,145,146]
[4,5,6,7,8,27,28,29,30,31,32,33]
[85,86,87,88,89,90,91,92,93]
[70,71]
[138,139,140,141]
[7,8,9,10,11,12,73,74,75,76,77,78,94,95,96,97,98,99]
[36,37,38,39]
[12,13,19,20,21,22,23,24]
[29,30,31,32,33,34,35,36]
[68,69]
[11,12,13,14,15,16,17,18,19,20]
[6,7,8]
[110,111,112,113,114,115,116,117]
[15]
[15,16,17,18,19,20]
[24,25,26]
[23,24]
[219,220,221,222,223]
[102,103,104,105,106,107,108,109,110,154]
[129,130,131,132,133,134]
[20,21,22,23,24,25,162,163,164,165,166,167]
[66,67,68,69,70]
[11,12,13,14,15,17,18,146,147,148,149,150,151,152]
[24,25,26,27,28,36,37,38,39]
[4,4]
[60,61,62,63,64,65]
[17,18,19,20,21,32,33,34,35,36,37]
[]
[]
[12,13]
[14,15,16,17,18]
[1,241,242,243,244,245,246]
[31,32,33,34]
[207,208,209,210,211,212,213,214]
[26,27,28,29,30,31,32,33,34,35]
[48,49,50,51,52]
[233,234,235,236]
[40,41,42,43,44,45,46,47]
[87,88,89,90]
[60,61,62]
[157,158,159,160,161]
[49,50,51,52,53,54]
[]
[15,16,120,121]
[139,140,141,142,143,245,246,247]
[35,36,37,38,39,40]
[]
[53,54,55,56,57,58,59]
[12,13,14,15,32,33,34]
[23,24,25,26,27,28]
[32,33,57,58,59,60]
[11,12,13,14,15,16]
[28,29,30,31,32,33]
[12]
[33,34,35,36,37]
[308,309,310,311]
[7,8,9,10,11]
[58,59,60,61,62,63,259,260,261,262,263,264]
[4,5,6,8,9,10,11]
[12,13,14,15,16,48,49,50,51,52,53]
[204,205,206,207,208,209]
[132,133,134,135,136,137,140,141,142,143]
[117,118,119,120,121,122,123,128,129,130,131,132,133,134,135,136]
[8,9,10]
[10,22,23,24,25,34,35,36,37,42,43,44,45]
[72,73,74,75,76,77]
[31,32,33,34,35,36]
[136,137,138,139,140,141]
[5,6,7,8]
[6,7,8,9,87,88,89,90,91,92,93,94,96,97,98,99,100,101,103,104,105,107,108,109,110,111,112,114,115,117,118,119,121,122,123,124,125]
[]
[67,68]
[13,14,15,16,17,19,20,21,125,126,127,128,129]
[14,15,16,17,18,19]
[148,149,150,151,152,153]
[206,207,208]
[45,46,47,48,49,136,137,138,139,140,141,142,143,144]
[31,32,33,34,35,36]
[40,41,42,43,44,45,46,51,52,53,54,55,56,57]
[23]
[98,99,100]
[12,13,14,15,16,17,163,164,165,174,175,243,244,245,246,247]
[212,213,214,215,216,217,218]
[5,6,7,8,9,15,16,17,18,19,20]
[96,97,98,99,100,101,102]
[]
[634,635,636,637,638,639]
[3]
[270,271,272,273,274,275]
[23,24,25,26,27,53,54,55,56,57,58,59]
[23,24,25,26,27,28,29,30,32,33,34,35,36]
[]
[14,15,16,17,18,19,20,21,22,23]
[97,98,99,114,115,116,117,118,119,120,121]
[3,8,9,10]
[28,29,30,31,32]
[15,16,17,18,19,21,22,24,25,26,27,28,29,31,32,33]
[38,39,40,180,181,182,183,184,185,186,187]
[9,10,11,12,21,22,23,24,59,60,61,62,63]
[43,44,45,54,55,56]
[59,60,61,62,63,64,66,67,68,96,97,98,99]
[31,32,33,34,35]
[28,29,30,31,32,33,52,53]
[2,3,4,5]
[14,15,16,17,18,19,20,21]
[83,84,85]
[444,445,446,447,448,449]
[6,7,8,10,11,12,13]
[79,80,81,82,83,84,85,86,87,153,154,155,156,157,158,159,160]
[17,18,19,20,21]
[57,58,59,60,61,62]
[351,352,353,354]
[]
[5,6,7,8,9,10,11,12]
[12,13,14,15,16,17,18]
[5]
[]
[26,27,28]
[39,40,41]
[148,149,150,151,152]
[]
[44,45,46,47,48,49]
[56,57,58,59,62,63,64,65,66]
[228,229,230,231,232,234,235,236,237,238,239]
[66,67,68,69,72,73,74,75,76,79,80,81,82,84,85,86,87,88,89,90]
[23,24,25,26]
[392,393,394,395,396,397,398]
[8,9,10,11,12,13,14]
[9,10,11,12,13,160,161,162,163,164,165]
[66,67,83,84,85]
[33,34,35,36,37,38]
[348,349,350,351,352,353]
[282,283,284,285]
[36,37,38,39,41,42,43,44,45,83,84,85,86]
[]
[41,42,43,44,45,46]
[322,323,324,325]
[55,56,57,58]
[11,12,13,102,103,104,105,106,107]
[4,5,6,7,8,9,10,11]
[221,222,223,224,225,226,227,228]
[8,9,10,11,12]
[28,29,30,31,32,33]
[84,85,86,87,88,89]
[253,254,255,256]
[11,12,13,14,15]
[11,12,24,25,26,27,28]
[4,5,6,7,8,9,10,11,12]
[66,67,68,69,70,72,73,74,75,76,77,78,79]
[39,40,41,42]
[101,102,103,104,105,106,107,108]
[320,321,322,323,331,332,333,334,335,342,343,344,345]
[67,68,69,70,71]
[]
[41,42,43,44,45,46,47,48,49]
[4,5,6,7,8,9]
[98,99,100,101,102,123,124,125,126,127,128]
[]
[40,41,42,43,44,45]
[30,31,32,33]
[31,32,33,34,35]
[130,131,132,133,134,316,317,318,319,320]
[9,10,11,12,13]
[]
[22,23,80,81,83,84,85,86,87,88,97,98,99,100,101]
[27,28,29,30,31]
[13,14,15,25,26,27,28,29,30,31,45,46]
[51,52,53,54,55,56,58,59,60,61,62,63,64,65]
[28,29,30,31,32,34,35,36,38,39,40,41,42,43,44,45,46,47,48]
[15,16,17,18,19,21,22,23]
[147,148,149,150,151,153,154,155,156,157,158,160,161,162,163,164]
[16,17]
[13,14,15,16]
[8,9,10,11,12,13,14,15,16]
[68,69,70,71,72,73]
[]
[29,30,31,32,33,34,104,105,106,107,108]
[26,27,28]
[336,337,338]
[0]
[6,7,8,9]
[106,107,108,109]
[]
[23,24,25,26,27,33,34,35]
[31,32,45,308,308,310,315,316,316,318]
[89,90,91,92,93,94]
[8,9,10,11,12]
[22,23,24,25,26,27,28,29]
[74,75,76,77,78,79]
[82,83,84,85]
[231,232,233]
[]
[]
[28,29,30,31,32,33,56,57,58,59,60]
[57,58,59,60,90,91,92,93,94,96,97,98,99]
[78,79,80,81]
[20,21,22,23,24]
[14]
[4,5,6,38,39,40]
[28,29,30,31,32,33]
[379,380,381,382]
[23,24,25,26,27,28,29,30,31]
[0,1,2,3,4,5,11,12,13,14,15,16,17,19,20,26,29,30,31,32]
[192,193,194,195,295,296,297,298]
[140,141,142,143]
[17,18,19,20,21,104,105]
[5,6,8,9,10,11,12]
[65,66,67]
[]
[27,28,29,30,31,32,170,171,172,173,174,175,176]
[124,125,126,127,135]
[181,182,183,184,185,186,187]
[70,71,72,73,74]
[]
[]
[349,350,351,352,353]
[5,6,7,8,9,11,12,13,14,15,16]
[8,9,10,11,12]
[15,16,17,18,19,20,21]
[0,1,2,3,4,5,107,108,109,110,111,112,120,121,122,123,124,125]
[41,42,43,44,45,46]
[43,44,45,46,47,48]
[12,13,32,33,34,35]
[]
[52,53,54,55,56,57]
[116,117,118,119,161,162,163,164,165,166]
[78,79,80,81]
[]
[90,91,92,93,94]
[76,77,78,79]
[52,53,54,55,56,57,58,59,60]
[30,31,32,33,34,35]
[4,5,6,7,8,70,71,72,73,74,75,76,77,172,173,174,175,176]
[14,15,16,17,18,19,20,21,23,24,25,80,81]
[3]
[46,47]
[828,829,830,831,837,838,839,840,841,842,843,844]
